-10.898232
-9.055152
-9.796757
-7.439159
-7.182014
-8.036618
-6.812126
-9.466932
-6.569755
-18.6754
-16.819332
-14.199248
-12.63288
-12.651752
-11.887917
-11.433831
-12.001845
-12.330098
-9.990299
-8.946556
-7.77461
-5.850009
-5.300786
-5.539351
-7.686856
-10.493106
-10.105855
-3.186572
-4.099468
-4.113177
-3.419226
-3.129383
-3.3397
-6.213292
-7.41261
-6.833759
-2.631618
-8.271662
-8.325666
-7.657064
-4.162899
-2.638931
-4.046025
-5.47749
-5.368192
-7.061868
-13.42255
-14.651323
-9.42348
-4.321476
-3.942507
-5.834164
-6.652261
-7.077937
-8.216017
-10.843199
-11.356828
-12.228245
-5.7681
-3.951259
-4.373167
-5.140007
-6.554345
-2.492187
-3.975662
-5.226541
-5.417796
-7.288318
-6.035233
-6.27263
-6.454535
-6.47621
-3.329966
-1.830656
-5.956954
-3.568953
-3.61222
-5.06551
-6.755239
-6.832629
-4.068797
7.090911
7.206232
8.295939
7.149609
7.236292
8.798695
8.572261
12.566605
7.324108
5.664875
4.263404
3.564801
3.443265
3.917769
4.716359
4.834796
8.949237
10.08534
0.200245
-0.145562
0.758368
0.382798
0.294103
0.027118
1.47666
3.813209
4.775709
0.1581
-0.545747
-0.674606
-0.707387
-0.572082
-0.516596
-0.325296
1.325713
2.276207
-0.777823
-4.289469
-4.511134
-3.819541
-1.529122
0.059952
1.646604
3.590738
2.838569
-1.630184
-2.073316
-1.980692
-2.607484
-1.216786
1.025906
6.57099
7.457137
5.416506
0.060919
4.308892
8.574949
4.59394
-0.575553
3.819382
8.747674
9.745048
6.703997
6.544843
6.7428
6.896621
8.232115
4.348401
4.865576
7.744826
9.024992
5.562904
7.632608
9.334247
11.288426
8.006201
1.914634
2.284495
4.746932
5.484964
0.768376
-7.93609
-4.830495
-6.420857
-4.194175
-4.298254
-5.62097
-5.182053
-9.0304
-7.535317
-15.056417
-12.304029
-11.400473
-9.846685
-10.019901
-9.804582
-10.441252
-12.16437
-14.857933
-7.686059
-6.766329
-7.155489
-5.750678
-5.673091
-5.768389
-8.005774
-11.593969
-11.478831
-3.130069
-3.828341
-3.73591
-3.306836
-3.175623
-3.198314
-6.487037
-7.909813
-8.057811
-2.900261
-8.202477
-7.684288
-7.153782
-4.412107
-2.820377
-4.354864
-5.969284
-6.748715
-6.785779
-13.79461
-13.403902
-8.661059
-4.316067
-4.35675
-8.0266
-9.228787
-9.482042
-9.390187
-11.342556
-10.963141
-11.752625
-5.103375
-5.598224
-6.688245
-8.146928
-9.711626
-2.133891
-4.406737
-5.752754
-6.506073
-6.710688
-7.142658
-7.474162
-8.469589
-8.985566
-2.415343
-0.516475
-4.352756
-3.57619
-4.120543
-5.668012
-7.390093
-8.03893
-4.510577
9.906771
11.023169
11.709978
10.385522
10.411924
11.103192
9.722776
12.146832
6.531674
10.330027
8.559067
6.186796
6.040942
6.038163
5.784288
5.035512
7.55987
7.906807
2.362071
2.292227
2.046186
1.135401
0.690363
0.056658
0.630276
1.054387
2.896753
-0.164776
-0.182268
-0.145247
-0.311285
-0.173308
-0.208795
-1.095056
-0.007259
1.082966
-1.358446
-3.816225
-3.854856
-3.302144
-1.804012
0.140426
0.997756
1.657961
1.106753
-1.480455
-0.130482
-0.647226
-2.961277
-1.331056
0.762973
3.289069
3.489957
2.06493
-0.540993
8.927418
8.107513
2.423106
-0.420775
1.486325
4.864053
4.9587
2.796056
6.8779
9.775021
6.428062
5.435439
3.7619
2.806083
4.964506
4.996791
2.803854
8.609505
12.512988
11.917959
7.431978
0.915783
0.84673
2.769155
3.110353
0.673079
48.848583
43.302517
47.115528
36.123966
36.041843
44.24902
41.858212
62.3899
39.633533
55.44659
41.108612
34.74263
32.270252
32.593441
34.181808
33.99707
51.119343
57.908291
21.928717
14.5094
16.505733
11.747855
11.006461
9.694148
17.037466
28.888634
36.100315
9.199821
8.726818
9.129416
7.690228
7.669953
6.013093
10.748952
20.032433
24.853703
6.690078
6.447831
5.870623
6.68717
6.295228
7.397552
12.466783
21.285938
21.582733
14.272418
25.48114
27.88763
14.751266
9.058269
12.984968
28.144268
34.884201
31.156105
25.846657
60.697639
78.72612
46.414932
12.898542
17.922209
26.224672
33.349724
32.975601
31.647186
45.772793
50.261738
44.980137
25.432049
21.197681
24.531082
29.032671
26.637648
30.642485
30.467875
42.759857
31.520975
13.36514
12.256877
18.847212
21.657238
11.088716
56.064075
49.67104
44.379028
31.742332
32.90345
40.495602
53.750748
70.886238
50.200718
72.872192
54.831005
40.480007
30.023706
30.571573
32.416649
44.008583
57.274506
68.924263
35.682972
24.72784
20.540293
14.570574
15.982821
18.900415
32.244595
45.079838
48.216557
10.180057
6.846689
6.009744
5.740769
6.762296
7.964722
21.377142
30.264204
31.514585
6.889077
8.242567
7.137611
7.761966
6.213255
7.947495
19.98975
32.489105
29.553423
12.555282
21.754316
20.206606
13.792273
6.735439
17.181057
41.221752
51.582184
42.363529
20.451258
41.332851
47.50597
40.338242
11.085096
27.407988
42.981785
53.591896
46.683025
41.820629
47.387157
58.812046
62.722862
34.074787
32.938492
40.378902
47.157372
36.626186
48.633026
51.798172
60.779423
46.370892
24.298798
23.199564
30.917782
34.249439
16.326328
20.868607
13.69615
4.681492
0.372444
-2.420403
-2.445492
20.781631
24.609495
18.913206
27.891565
23.062595
11.58351
5.278155
6.865141
5.623353
21.027328
21.938972
29.692114
12.351473
7.658262
7.248939
5.554838
7.727446
9.641185
16.127249
14.89854
16.99177
1.872302
0.94467
0.822939
0.837613
1.545609
2.250188
8.662529
9.095518
9.086409
1.593223
1.009112
0.624955
1.381022
1.935289
2.526151
6.041713
8.901281
7.834131
3.454141
5.601912
3.513213
5.00166
1.953789
5.936649
1.805261
5.136611
5.770134
-0.394787
1.575662
-1.180125
0.375707
-0.979009
-0.83908
-12.883932
-7.982046
-1.252086
-1.143973
8.006741
11.280663
9.418277
2.50375
-17.639671
-29.723663
-23.333021
-11.974269
7.383001
11.906316
16.486181
14.204796
0.027816
-13.287754
-24.156382
-19.724472
-7.442817
96.340134
98.357002
94.778046
80.177826
85.344978
100.434021
94.287766
126.833824
72.311142
123.694031
94.69062
73.08577
60.429401
62.42173
68.449509
72.294479
101.000465
106.887161
53.487812
34.602894
29.436388
19.290369
18.838753
22.63563
40.31435
65.405212
66.561531
17.312716
12.248829
10.536207
9.656492
10.59061
11.771878
28.306458
41.557823
44.386101
11.229944
15.302761
14.367739
14.887486
10.674654
12.058193
26.899363
46.131477
39.888199
23.414455
43.287678
38.700642
22.915373
11.726398
21.561907
63.421791
77.999031
58.662422
41.333496
91.783279
100.821465
80.467766
19.605967
40.756855
75.352623
87.94915
66.903244
95.835335
104.930878
120.183182
120.732376
61.811504
55.444958
74.269157
82.060577
56.081448
97.620476
104.225876
121.521217
96.529106
39.870388
35.014141
51.477768
55.726845
22.970711
41.257664
35.583221
30.469622
24.446819
23.646986
28.610369
42.074306
58.253517
40.018284
58.058849
37.502365
24.870867
23.332129
28.024117
28.45332
36.906265
49.179207
56.695518
23.39097
15.459023
15.88378
14.689956
18.027027
17.653852
32.266953
41.059769
41.85453
4.727829
5.093086
5.433393
4.685422
5.716298
6.904885
18.445385
20.784306
22.614773
4.011239
7.211622
7.557509
6.852103
4.805505
6.021117
14.769264
23.692011
23.469393
7.376324
11.359449
12.661552
8.231615
4.618041
15.288419
42.103329
46.880817
41.288654
11.123892
28.986259
31.937834
19.445427
5.633163
23.404438
50.186905
53.179638
45.47065
22.115202
36.552307
48.888958
34.765614
27.660656
31.070183
47.91713
53.576454
42.395969
20.848692
32.458832
42.407974
28.047953
14.421781
26.810852
45.247658
44.773952
19.012547
42.706703
37.986183
32.873241
27.065891
27.387335
31.103413
38.41124
47.70517
32.942085
55.828403
41.034561
28.193995
23.007706
26.826015
27.637348
32.280155
38.668007
47.100868
26.533442
23.201117
21.100391
16.9827
19.187099
19.025976
30.143755
33.259972
35.088264
6.766135
5.221008
5.088215
4.582544
6.041583
7.498395
16.396788
20.882479
21.09326
5.211106
5.678949
5.31314
5.439549
5.641299
8.046479
17.011477
26.091002
21.74646
8.823249
17.562262
13.98701
8.920401
5.490178
18.63868
47.993965
53.7523
43.311676
14.022412
35.538624
37.667641
26.370983
10.314274
28.426155
55.638626
61.659992
50.81638
21.306122
39.716274
47.129547
39.893646
37.791737
43.18718
57.283745
59.545605
45.558479
27.808435
40.202351
46.456249
34.287937
22.764345
33.79821
50.198498
47.909451
25.203787
54.743778
54.404888
56.010746
45.72538
44.665565
51.494831
46.90604
65.525551
39.125305
61.229538
49.88483
40.762642
38.271103
38.166206
37.953747
34.917187
50.310162
53.549007
26.566599
18.860651
18.064993
12.346667
10.507019
9.181106
16.11348
26.177132
32.642616
10.54225
9.545148
9.85355
7.846428
7.348125
6.247647
9.695174
18.184797
22.582825
7.145287
6.98459
7.659937
8.050445
5.648156
7.444478
12.697507
20.861536
19.964708
15.698923
26.601208
32.340485
16.646126
8.997238
12.833144
24.370203
29.509495
27.200874
23.24346
61.378613
81.652344
49.310539
15.293493
15.17267
21.849722
26.799917
26.988031
30.929411
43.855942
50.948353
46.811588
28.8561
19.229691
21.971561
24.61277
21.53532
33.38496
32.567745
47.275421
33.071724
13.418152
11.218309
17.685522
19.259722
10.650724
61.778198
55.125786
47.059082
35.044559
36.225723
41.000492
51.705284
57.967369
38.594658
86.130814
61.315384
40.491791
30.781633
31.528389
28.374357
38.159611
44.873741
55.465851
35.486393
25.050095
21.344126
13.67752
15.126866
14.939987
24.446253
32.069546
39.283737
9.238666
6.335181
6.699754
6.807205
7.479719
6.719327
16.30018
20.572855
24.181547
6.706228
8.944541
6.931705
7.955503
6.69255
6.10333
11.919038
19.870173
20.882948
12.60076
22.271673
16.709656
9.811749
7.779565
11.695422
19.74354
28.488831
27.595331
22.845442
47.758797
47.98135
32.608757
11.362739
14.37949
21.318762
28.879251
28.397989
52.758728
60.157173
54.184788
53.585899
30.593954
20.970657
23.252132
27.509058
21.192947
58.141346
65.539627
59.704445
40.949745
19.125732
14.127139
19.542765
19.047338
11.308468
23.625286
15.276931
4.840192
-2.090327
-4.748687
-5.648763
17.196762
22.580729
20.592497
33.153301
26.894279
13.065261
5.478997
6.105449
2.430493
16.945276
17.516953
27.437172
12.065226
6.894283
8.332643
5.807087
7.534947
7.383167
12.416315
9.410792
12.433406
1.684236
1.110183
1.417539
1.41707
2.020769
1.950812
7.282204
6.148095
5.30545
1.370562
2.050124
1.509778
1.467352
1.186169
1.665431
3.654904
4.112834
3.248822
3.986542
5.673339
0.784051
3.088886
1.679866
3.968946
-2.99984
-2.310219
-0.954156
0.986417
3.725558
-3.792164
-3.199576
-1.031309
-3.382972
-16.122549
-13.362741
-7.093394
1.790157
11.985943
12.24197
9.341129
2.780823
-19.374491
-32.391403
-27.426954
-15.935812
13.171436
15.787196
15.058868
12.446924
-2.381184
-14.964114
-26.010262
-22.278301
-8.226768
102.638977
98.918388
94.120361
77.504646
82.704582
96.706909
90.061546
111.40329
63.268375
137.451996
101.557907
75.744316
63.930862
64.612175
66.161072
70.781921
89.010841
95.572449
54.798691
36.229725
30.297291
19.407198
19.813671
20.765181
36.987991
54.571552
63.356968
16.152006
12.131072
11.187482
10.433066
11.663542
11.806821
26.100695
36.396381
41.190586
10.933248
15.64727
13.990905
14.011312
10.763129
11.529039
21.491549
35.345516
33.862057
21.658873
39.445038
32.548618
21.164011
12.863852
19.245121
49.457714
62.55769
49.319031
41.457115
95.111404
98.325623
74.728523
20.821323
33.921848
61.424793
72.481689
56.707108
109.675583
114.412994
115.051895
107.946075
58.409386
49.292801
61.991932
67.76284
48.282211
108.44072
117.934151
115.529221
86.127403
33.105053
29.444704
43.891674
45.736061
21.100815
41.061752
36.59127
30.817589
24.995058
24.813063
29.317469
42.516571
56.772087
38.07486
60.477932
38.278294
23.836473
22.290941
27.002647
26.733023
34.625755
47.186485
54.442818
24.208735
16.040657
16.668941
15.054541
18.628967
17.773304
30.766409
36.156475
38.188976
5.426103
4.676849
5.269464
4.583809
5.945789
6.942462
16.826778
17.307837
18.984709
4.532998
6.628708
6.626887
5.91799
4.431238
5.681855
12.931023
18.933775
19.58359
8.609458
13.504788
13.304787
6.848034
4.531286
14.548134
39.296158
41.116375
36.30267
11.991785
31.105494
30.539392
18.399052
6.56379
22.25531
46.921532
47.89241
40.991436
22.808346
39.653908
49.072666
33.973953
30.577385
31.745106
45.531002
49.952686
38.555771
22.320326
36.890171
40.099899
25.206764
14.208331
26.184919
42.457752
41.424164
18.089722
43.912365
39.084423
33.609207
27.871613
28.368698
31.780521
39.164349
46.762127
32.656094
58.69347
43.238209
29.862417
24.495914
28.161858
27.9219
32.655842
38.195831
47.217628
26.962894
23.572243
21.358198
17.493767
19.751392
18.947386
29.781786
31.155071
33.624737
6.581536
5.530309
5.437909
5.082698
6.678727
7.944662
15.758153
19.240311
20.011076
5.262528
6.464707
5.805703
5.567501
5.342356
7.51299
15.232037
23.195919
20.066681
9.599985
19.060411
14.433824
7.699537
5.507391
17.578465
44.265537
48.866882
40.009773
15.391094
38.562687
37.873489
24.384285
10.547088
26.315693
51.618233
56.915222
47.429268
22.977596
42.043369
46.028877
37.469982
38.341297
41.580303
53.679905
55.279842
42.926422
29.722956
43.763222
45.350784
31.806246
22.301851
32.40715
47.527798
44.816048
24.397125
12.547565
9.752582
11.185555
7.3346
6.277313
8.032152
6.990223
11.810525
7.581127
15.500593
13.058375
11.199636
9.143196
8.709285
9.640572
8.953866
13.25672
11.317348
8.091908
6.165361
6.143117
4.441178
3.644955
3.8376
4.911928
9.949643
8.522598
2.365502
2.393693
2.090129
1.808464
1.875912
1.972604
4.271554
7.233884
5.498913
1.80149
2.129985
2.593351
2.706682
2.092431
1.9609
4.213906
7.024279
5.211713
0.716983
2.083519
3.858634
4.046959
2.320195
3.756882
8.777164
12.135902
9.066181
-2.227313
4.390786
4.911794
8.32376
3.90255
4.932932
8.062819
11.270322
9.64233
0.515084
5.430651
3.914792
6.877547
5.588196
6.031468
9.05668
10.613344
8.267278
0.864838
3.879373
5.397071
6.281428
2.167408
4.270281
7.227801
8.01893
3.357975
19.536255
17.0651
16.537638
10.144937
9.277447
11.043069
9.0161
12.478051
5.118534
23.385361
19.273256
15.411549
10.71618
10.138461
10.358248
8.768817
12.676395
10.86638
10.061397
8.655939
6.026259
3.948845
2.787261
2.522065
3.699275
9.274075
8.72477
1.480761
2.305321
2.527909
2.076369
2.057623
2.036687
4.3668
7.122371
5.870811
1.640376
2.345638
2.686527
2.522038
2.037242
1.798892
3.913065
7.434453
5.524249
3.060662
4.065781
4.74521
3.442671
2.781774
3.143321
7.547181
11.773606
9.524292
3.978941
9.441904
10.960993
5.050024
4.022627
3.616029
7.548873
11.374084
10.287872
8.299723
10.347153
9.554912
6.385984
6.924101
4.713449
8.278547
9.958141
7.935501
5.193545
6.059919
7.912491
6.925111
3.907785
3.456055
6.746714
7.50177
3.699755
-6.267946
-8.216364
-9.226381
-9.110369
-9.126568
-8.41518
-6.994568
-8.013675
-5.440145
-9.695906
-9.080993
-7.810262
-7.935839
-8.266622
-6.695889
-5.543726
-5.682442
-9.439413
-3.786955
-4.561699
-5.281017
-4.107081
-3.392547
-2.399602
-3.731554
-4.215015
-6.486179
-1.433421
-2.220836
-2.450499
-1.840342
-1.707592
-1.710275
-2.32593
-3.221009
-5.183694
-0.46999
-2.533888
-2.337005
-2.285503
-1.067625
-1.860662
-3.073733
-3.095903
-3.832176
-4.514069
-6.80775
-4.614073
-0.990978
-1.797855
-3.390055
-5.476305
-4.071548
-4.628255
-10.028103
-7.647163
-7.689101
-2.879333
-2.516176
-4.145848
-5.231926
-4.446851
-4.65376
-9.96855
-7.338743
-5.2018
-6.391444
-5.098289
-5.709301
-4.927834
-5.155877
-4.191364
-10.086746
-7.124028
-9.491873
-4.611243
-2.860484
-3.108742
-4.350835
-4.672656
-1.972337
-8.428328
-7.935303
-7.326421
-4.986341
-5.639869
-6.757902
-7.003023
-7.989659
-7.8436
-12.27266
-8.74722
-7.046124
-5.641619
-6.281208
-5.482914
-6.838894
-6.405571
-13.299835
-5.237351
-4.978986
-4.171673
-3.542811
-3.300719
-2.529437
-5.030818
-6.172398
-8.736706
-2.54805
-2.71323
-2.539276
-2.26793
-2.482079
-2.172365
-3.791687
-5.887193
-7.817036
-1.887127
-2.319329
-1.633362
-1.694428
-1.555171
-1.970437
-3.898192
-5.392881
-6.151811
-5.007786
-4.333256
-6.327085
-3.821526
-2.895465
-3.286762
-6.818065
-8.011525
-7.632658
-6.840711
-6.098457
-17.680344
-8.309721
-3.745819
-4.921301
-7.507967
-8.583076
-7.914592
-10.243695
-5.515191
-13.44284
-10.799444
-8.427756
-6.916956
-6.72575
-7.960618
-5.261456
-10.946488
-5.5686
-9.608445
-5.386997
-5.405933
-3.382298
-4.968815
-5.67508
-2.406225
41.210274
36.976517
40.374233
28.756845
26.036522
27.577635
19.863977
32.503399
9.913207
56.229504
53.446796
40.696926
36.01812
33.235477
32.043007
25.20862
34.366779
18.571781
17.654934
16.651999
13.095951
9.070345
5.712066
5.766912
5.515761
12.796315
12.969638
-2.58625
4.500251
5.23608
4.605938
4.615867
4.933289
5.954633
9.513683
5.896837
-3.305812
6.454358
8.831105
8.097505
4.719425
4.224813
4.563559
6.294446
2.795576
-1.672541
12.761776
14.828852
3.846317
5.559733
5.910286
8.186274
13.34304
8.476529
3.573629
38.560593
21.515429
2.288583
6.351366
2.289152
5.767111
10.233523
9.115664
20.535395
49.340233
26.151991
-4.358317
4.274464
4.086848
10.88153
10.670258
9.963799
13.626902
39.411701
28.704288
14.803829
1.783455
2.976332
8.374666
8.615607
6.680511
7.22942
17.733446
23.924643
26.865652
26.668953
23.005939
16.832228
19.789291
8.465881
13.96413
16.587797
12.056084
10.393711
12.507771
9.451312
4.065851
7.178855
2.151482
6.260247
4.730284
3.905162
3.182129
2.515342
1.450931
1.87975
5.114241
-4.738955
2.674944
2.63337
2.702529
2.803292
1.838538
0.950778
3.795954
2.75359
-1.06793
0.410911
2.68948
3.789639
3.842807
2.077996
-0.157389
-0.447339
-1.74792
-0.300904
5.050773
10.304852
8.099243
1.095104
1.354256
-1.071015
-6.0807
-8.805313
-4.325138
2.50362
16.706728
17.524576
9.759429
3.440936
-4.321126
-7.102864
-11.923794
-8.574014
5.869165
21.827995
24.994951
11.288806
4.057193
-4.202684
-4.03139
-8.04701
-8.18129
9.585711
18.894974
30.716511
14.20547
1.332744
-2.471724
-5.254204
-8.266444
-6.714881
-5.135519
2.682171
1.100589
5.9022
6.421473
4.416614
6.851117
-2.262041
2.150089
4.65333
4.281277
0.47421
-1.134747
3.331254
-2.324764
-4.008452
-10.27583
-10.857922
2.644598
2.155872
6.167283
4.050911
3.717649
2.709742
0.845678
-5.903341
-10.083352
2.096787
0.548969
0.023378
0.39679
0.153707
-0.398872
-3.665496
-8.084358
-9.266085
-0.405913
0.314628
0.11945
0.768466
0.249716
-0.106865
-5.956139
-12.4056
-12.187123
2.286269
6.529059
3.17072
0.024601
-0.329274
-4.140615
-23.700436
-27.626471
-25.259844
-3.769359
3.818176
-3.255752
-0.33854
-1.794219
-15.356048
-29.828279
-34.788704
-31.975977
-6.333133
7.526567
0.521933
3.919818
-2.561091
-18.16103
-30.178253
-34.683449
-31.496084
-2.194
5.350919
9.436286
5.352628
-3.671263
-14.293243
-26.589005
-31.134621
-18.231161
15.623831
20.777935
15.066904
4.974556
2.642009
-0.062437
-5.855361
-11.41333
-12.154429
16.060434
17.952627
6.470875
-2.437467
-1.983005
-4.716175
-13.769687
-20.894629
-24.717228
16.278709
14.8016
7.445636
0.814028
-0.027515
-0.246423
-4.34677
-13.784031
-19.625681
-1.634339
-0.977927
-1.42145
-1.559466
-0.995795
-0.555245
-1.147299
-5.876448
-11.813024
-1.799239
-0.637273
0.72973
0.746244
-0.096143
-0.84907
-4.035453
-10.522918
-10.857569
-1.171507
-3.606716
-0.755461
-1.509423
-0.402323
-4.774581
-19.468765
-28.009188
-19.61236
-7.758669
-8.807329
-12.627017
-4.704625
0.751872
-11.505811
-23.820345
-29.349258
-23.450001
-5.109469
-3.458086
-9.719179
-13.490867
-7.781979
-12.352767
-18.974176
-26.022959
-18.582958
-4.950757
0.356939
-1.263554
-6.899549
-8.338317
-6.079142
-12.784571
-17.276981
-7.337057
-10.358236
-3.511839
-1.430083
8.708072
10.794272
9.56311
9.555456
2.35394
0.452285
-2.710374
0.339246
-2.038794
3.576438
7.410522
5.139526
1.411542
-3.513994
-7.215946
-0.820234
0.433878
5.328449
9.601129
10.77717
10.216331
7.055248
-0.063984
-2.346316
0.004681
0.030682
0.438451
0.974169
1.543704
1.8805
0.888075
-3.370714
-4.099104
-1.024875
-0.75384
-0.678145
0.203427
0.990544
1.241427
-1.723645
-7.679412
-5.484478
1.205373
4.540591
1.842547
-0.696219
-0.000456
-0.824016
-8.538506
-16.281799
-12.805768
-3.454581
0.783292
-0.091074
0.510071
-0.906035
-6.656947
-11.391389
-18.161938
-17.012316
-5.885105
4.306378
3.3412
-0.037519
-1.152643
-6.342809
-10.617702
-14.216837
-15.54243
-4.157267
2.705071
6.527421
1.000778
-0.234415
-5.426507
-12.463806
-15.198518
-12.920977
1.469002
3.616839
3.630302
3.521344
2.638935
2.090811
1.56445
-0.430365
-2.195156
5.801869
7.061538
3.017492
0.952074
2.35771
1.886236
-1.594491
-3.724205
-6.469211
4.328555
5.853593
7.057782
4.686531
4.605997
5.697829
3.408732
2.718193
-1.730696
0.045546
-0.913088
-0.262858
0.274055
-0.187056
-0.174221
0.663486
0.936375
-1.893621
-1.57495
-0.22983
-0.018639
0.118101
0.46547
0.794328
-1.501205
-2.903272
-2.05971
-2.017039
1.196634
0.766764
1.122408
0.257149
-0.996034
-9.370648
-11.026226
-7.935949
-8.080014
-5.378477
-5.301733
-0.12815
0.446445
-4.04347
-10.377554
-13.273953
-12.220415
-4.435725
-0.208436
0.38634
-0.544192
-0.120336
-4.53058
-8.59938
-11.925102
-11.537317
-3.205275
-1.966276
-0.310251
1.937049
-0.336483
-3.874614
-8.3562
-11.215143
-8.270823
2.834967
-2.69926
-6.335481
-12.993561
-13.101242
-15.037054
-16.212185
-25.688267
-25.248064
5.618939
4.798409
-0.585675
-4.482271
-5.379477
-4.882155
-8.634868
-16.006145
-32.800308
4.627834
6.800409
0.422063
-2.017296
-3.803854
-3.201507
-8.954344
-14.207184
-15.301929
-9.15648
-4.242654
-3.162952
-2.37948
-2.192934
-2.402222
-6.054696
-10.161518
-12.728746
-6.15329
-3.345786
-1.692642
-1.49021
-2.0696
-3.098813
-7.890716
-9.468108
-11.146554
-9.516626
-15.087726
-20.230402
-10.155441
-2.796041
-7.641608
-20.398098
-17.413458
-16.009275
-9.922043
-19.291716
-51.248325
-40.203522
-7.440687
-16.459816
-22.501345
-20.537704
-17.931007
-10.293372
-17.45495
-51.451405
-58.627964
-23.125677
-19.084507
-17.411846
-19.555014
-13.087631
-22.014832
-13.749957
-45.286217
-26.556446
-13.493606
-11.247555
-13.586152
-14.496531
-4.83699
-9.250193
-5.371067
-7.444811
-3.362607
-1.353591
-3.410947
-2.778486
-7.755019
-13.176694
-9.159714
-1.586555
-8.479275
-10.588144
-6.629641
-8.019723
-13.323746
-15.322527
-26.664301
0.423606
2.93922
2.296974
0.127783
1.154995
0.698034
-5.119482
-8.278491
-19.699575
0.145884
-1.293298
-0.525576
-0.247102
-0.594573
-2.478416
-7.422482
-12.976745
-14.843239
0.482592
-1.033119
-1.540611
-1.077062
-0.179273
-2.272714
-4.221294
-7.815225
-9.884327
1.720735
-3.918923
-7.58598
-7.573193
-0.530221
-5.392669
-11.274
-15.954465
-13.728263
-5.688519
-13.191008
-9.012016
-9.073298
-2.376388
-10.736521
-10.540248
-15.209287
-15.218169
-11.011568
-17.953369
-20.02108
-6.266988
-2.333541
-9.828782
-8.026283
-11.093974
-12.031488
-8.150002
-20.333679
-19.079473
-2.464666
-1.821837
-4.767832
-6.401839
-10.052881
-4.460478
-12.768642
-5.39906
-9.194188
-2.155441
0.424661
-1.001694
0.510451
-2.05475
-0.81817
-11.422661
-6.547382
-10.500235
-7.304326
-3.118953
-5.646974
-5.946384
-6.751389
-13.318834
-1.260852
0.739572
2.295286
4.17214
3.916134
2.922605
-1.03477
-2.760864
-12.649308
4.532184
0.994684
0.026536
0.091935
-0.520384
-1.451121
-6.008789
-11.545966
-9.816715
3.53279
2.704487
0.164546
-0.280669
-0.021176
-0.904845
-6.859041
-13.432622
-10.780661
4.207305
5.550299
0.463324
0.680657
-0.194435
-5.437259
-19.409403
-22.681662
-17.099197
0.377842
-1.257323
1.738862
-0.075228
-1.01938
-13.762188
-16.37501
-22.323257
-19.052732
-4.597617
-1.702471
-7.169674
1.093812
3.675987
-10.688702
-9.955906
-14.405295
-13.633437
1.145567
-2.741472
-4.443685
1.900022
4.49475
-5.097221
-7.351022
-11.213286
-5.72718
18.225464
24.920803
28.597988
22.894001
20.784554
19.91769
10.073339
14.849206
-5.33279
31.987961
37.447636
24.597246
15.983429
15.818312
13.635904
6.214456
7.760382
-7.332575
17.097544
16.93536
9.587417
5.264064
3.559812
3.394014
0.560878
-0.82656
-8.333081
1.438666
0.749926
0.415632
0.39221
0.776116
0.909942
2.641547
-0.158421
-6.502419
-0.045506
1.201044
1.426026
1.560069
1.558609
1.306128
3.201994
0.30722
-3.105146
-0.316644
4.009186
2.12903
1.393245
2.254187
2.434138
3.288989
-0.543579
-1.127977
-3.629985
2.330261
11.310185
7.159622
4.6681
0.96449
5.463176
1.932119
-0.821142
16.091282
8.917103
9.989525
11.442283
10.578396
1.946533
8.234649
4.807738
0.533451
17.796688
10.193354
12.655709
12.345592
1.784505
1.268813
5.010776
2.572607
2.59455
-12.207354
-6.958102
-8.433763
-1.315683
2.649004
1.680337
2.66666
5.032302
0.14993
-9.862707
-6.280282
-10.495747
-4.318262
0.449751
-1.515664
-4.798837
-0.874657
-11.665172
-1.958357
-1.494869
0.0793
2.421269
4.736484
4.219555
-2.783631
-2.651535
-9.008726
0.443852
-1.222936
-1.611824
-0.358535
-0.15553
-0.754146
-4.529885
-10.518472
-9.041873
0.158398
-0.222269
-0.569353
0.165258
0.385052
-0.185786
-3.629665
-9.50709
-7.349652
0.851348
0.947873
-3.299828
-2.913247
-0.267868
-4.128149
-11.055058
-16.11212
-12.65202
-5.161953
-0.079773
-2.438698
-2.415035
-1.201075
-8.655157
-7.496337
-14.9857
-13.573661
-3.779949
0.626222
-4.797426
-2.639308
4.694737
-5.790535
-5.100344
-7.303822
-9.216184
-2.950509
-1.681917
-7.986682
0.591326
1.970574
-3.320683
-4.260671
-5.30762
-5.316549
5.297286
11.765919
11.606754
10.878968
10.138632
9.415051
6.704131
7.569578
1.111331
7.41388
9.421309
3.1418
0.52249
2.404406
2.289532
-2.548862
1.139877
-6.863096
4.445955
8.36812
7.089228
5.827247
5.394217
6.078348
2.195675
2.504525
-4.501337
0.736406
-1.54234
-1.30323
-0.106101
-0.457764
-1.018617
-1.424462
-1.428573
-3.896894
-0.394413
-0.571647
-0.433444
-0.639797
-0.106044
1.091134
0.305144
-1.807657
-2.972101
-2.593777
2.336907
-0.375026
-0.510286
-0.24337
1.023057
-3.653508
-5.236461
-6.643274
-7.337197
-2.084741
-3.821682
0.285776
-0.219373
-1.991823
-1.151224
-4.428828
-7.450891
-3.2605
1.034679
-1.524384
2.313546
3.625091
-2.854922
-0.711372
-3.118667
-5.024722
-0.087826
0.420526
-1.300501
6.732274
0.844052
-1.631577
-2.033303
-3.260949
-3.157314
