16.644409
15.936373
15.695589
12.607694
12.520501
13.800813
13.179074
17.498123
11.157807
19.583679
14.974304
11.474089
9.463406
9.764217
9.526723
9.920016
13.071512
16.117418
7.550997
5.946772
5.156385
3.633896
3.156534
2.54324
5.284216
7.931003
9.709349
2.292118
1.649641
1.479991
1.339421
1.72379
1.991086
3.592576
5.987353
6.678257
0.795737
-2.025122
-2.007406
-1.24858
0.272412
2.115656
4.841021
7.551789
6.369561
0.004262
-0.749588
0.937223
-1.059198
0.513834
4.074928
11.512291
13.401505
10.143559
-0.769217
5.892714
11.015411
4.565834
1.726751
6.579913
14.090665
15.687681
11.734731
11.096699
11.873356
12.169617
9.863266
8.603301
9.464338
14.360832
15.537944
10.206684
13.482711
16.988832
18.530722
11.552626
4.380554
5.605254
10.521903
11.109107
4.468628
3.393872
3.788851
2.735485
1.346477
0.939659
0.670875
1.16409
0.529112
-1.061767
2.069712
1.666972
0.999249
-0.314059
-0.827634
-1.092681
-0.841575
-1.292562
-2.628543
0.466583
0.279497
-0.814625
-0.817097
-1.040177
-1.063119
-1.030003
-1.960028
-2.504768
-1.345212
-1.100198
-1.493517
-1.512411
-1.29004
-0.79862
-0.646118
-1.22659
-1.490852
-1.435427
-3.189595
-2.928953
-2.701817
-1.80769
-0.929167
-1.418896
-2.076458
-2.184079
-2.717833
-4.617486
-3.804828
-2.889339
-1.637485
-1.962264
-5.520369
-5.448051
-4.877229
-3.462898
-2.320338
-2.974946
-4.145468
-2.476989
-4.454831
-7.172331
-7.33503
-6.723166
0.617664
1.27389
0.324745
-1.866658
-4.274753
-7.287236
-8.560135
-8.959064
-7.57121
1.17473
2.574022
0.528653
-0.225623
-3.365073
-5.820619
-7.752014
-7.855418
-4.3662
16.37182
15.430759
15.083409
12.231194
12.406493
13.70932
13.318401
17.432747
11.236434
19.623648
13.970354
10.592493
8.671144
9.055053
8.772158
9.487178
13.047977
17.025011
6.778618
5.452827
5.346822
4.010426
3.751506
2.937616
5.357265
7.690872
10.091044
2.003186
1.688244
1.473121
1.496644
2.040749
2.112173
3.482311
5.776752
7.119427
0.681078
-1.912594
-2.212098
-1.474595
0.360515
2.309442
4.784213
7.103672
6.715995
-0.012473
1.127438
-0.106075
-2.107899
0.661168
4.345257
12.247548
13.982258
10.640032
-0.538613
8.379569
9.53171
2.773211
1.389057
7.08058
15.04259
16.643108
12.753781
10.344616
13.7499
12.58369
10.155319
8.602856
10.22941
15.13796
16.484591
11.398657
12.317236
16.939806
18.208017
11.431477
4.415689
6.106355
11.175009
11.960197
4.889314
-0.341735
-0.1729
-1.118625
-1.147771
-1.149774
-0.861812
0.987171
0.344706
0.349199
-3.260372
-3.921919
-2.723312
-2.830737
-3.307336
-2.896508
-1.097593
-0.911399
0.183605
-2.404204
-2.763905
-1.964118
-1.28685
-1.10962
-0.997236
-0.664401
-0.865459
-0.293249
-1.1755
-1.183126
-1.816876
-1.760512
-1.439771
-0.892473
-0.649816
-0.727705
-0.110491
-1.171395
-3.427918
-3.708148
-3.492126
-2.073474
-0.723277
-0.762347
-0.702849
-0.708777
-2.39269
-4.134983
-4.891551
-3.343045
-1.857696
-1.513966
-1.819417
-1.31068
-1.872935
-2.119064
-2.967287
-3.86442
-4.151451
-3.183913
-2.020618
-2.750621
-2.252285
-2.759485
-0.508294
-0.606832
1.185421
0.027674
-4.555604
-5.118526
-5.561043
-4.831208
-4.136072
-0.698141
-0.169441
0.619278
-0.00555
-2.91371
-4.143668
-5.35239
-4.573521
-3.270964
-14.159899
-19.660574
-23.274904
-23.532463
-23.195599
-26.896059
-23.650553
-31.361921
-17.394922
-18.298286
-18.449841
-16.639854
-16.394035
-18.768333
-20.299934
-19.013947
-25.290607
-25.989477
-6.004904
-5.81559
-6.19501
-4.650267
-4.672011
-4.198024
-7.208691
-12.267689
-16.835842
-5.471874
-2.919607
-2.830734
-2.736675
-3.165863
-3.091394
-4.973896
-8.861217
-11.598364
-4.465441
-2.430918
-1.171374
-1.641574
-3.123218
-5.054821
-12.921742
-20.750845
-18.117205
-7.568901
-12.512672
-12.130569
-6.716547
-3.714237
-16.136215
-47.936401
-52.994282
-40.992107
-12.294199
-26.365705
-31.319916
-25.572487
-9.268293
-32.266159
-64.190849
-67.944
-54.613022
-21.734713
-28.489851
-37.283569
-33.621605
-32.724174
-50.47879
-71.961441
-74.194115
-53.939037
-24.988895
-32.922993
-44.595783
-34.513046
-22.526608
-36.196865
-58.137264
-57.186584
-29.361849
-25.886171
-27.764975
-25.480839
-21.747377
-21.476894
-23.279438
-27.870283
-32.697781
-23.622091
-35.03767
-28.179201
-20.80134
-15.622128
-18.095629
-18.556013
-23.289251
-28.539038
-36.137901
-16.076145
-15.769759
-16.034498
-11.900461
-12.575876
-11.077281
-17.416792
-21.606245
-24.426924
-6.723962
-3.970107
-3.623494
-3.437276
-4.687566
-5.213991
-12.200054
-16.942665
-18.337023
-5.4276
-4.041601
-2.191954
-2.382213
-3.595164
-6.709532
-19.5714
-30.940037
-27.351105
-8.219684
-8.187993
-7.165268
-5.001381
-3.968389
-24.869886
-66.687744
-77.714767
-62.062675
-13.989353
-24.148754
-25.100925
-21.802473
-12.416982
-43.854248
-88.980942
-99.099327
-80.689362
-26.730818
-30.478441
-37.118938
-38.297459
-47.884285
-75.456436
-107.34156
-109.873627
-81.588745
-33.987419
-40.529999
-47.317196
-38.194397
-34.905331
-57.354076
-91.349342
-87.068565
-45.7314
3.938666
8.434965
11.202535
9.280994
9.669367
13.798815
-2.856008
6.97568
-4.570269
5.689231
4.285785
8.7245
6.282156
3.522858
3.014743
-7.726072
-4.810958
-11.8866
0.550113
-2.476076
-4.840224
-5.456479
-7.550518
-6.269216
-5.895944
-5.097879
-4.859372
-1.208938
-1.178865
-1.342258
-1.349171
-1.688099
-2.21197
-5.514469
-3.708856
-3.607928
-1.737331
-1.443492
-1.216825
-0.500949
-1.442801
-1.469995
-5.327235
-8.053456
-11.999821
-0.955172
3.357563
1.826617
1.62099
-0.825695
-10.785113
-33.544243
-38.53912
-37.148621
0.570074
7.188147
11.268434
10.203204
-4.927689
-23.975941
-51.389832
-54.459625
-50.852772
4.748306
4.674115
2.916988
1.232489
-25.651787
-45.737392
-68.568031
-67.791435
-58.43298
1.157451
7.531108
15.193442
4.300995
-16.881687
-41.678612
-65.653465
-61.229664
-34.90435
-47.76582
-53.52235
-57.524334
-53.814556
-54.280781
-59.381496
-57.109047
-65.473923
-45.978691
-66.266647
-57.077137
-45.396717
-43.065086
-50.24588
-50.719582
-48.726177
-56.135139
-63.601151
-28.473255
-27.698952
-28.416058
-23.888596
-25.213606
-22.607794
-32.282154
-38.92532
-41.521873
-12.595547
-9.864129
-10.37041
-9.502145
-10.766669
-12.143181
-20.640018
-27.737415
-28.740274
-9.5857
-8.307109
-7.377845
-7.843115
-9.132315
-14.370519
-32.139648
-46.136356
-41.195206
-14.907274
-24.384682
-21.097918
-10.507038
-8.212017
-42.092937
-116.811127
-124.920341
-96.856003
-26.712324
-54.486725
-59.248669
-40.952549
-22.544313
-76.467361
-158.608887
-164.81636
-128.740753
-54.677631
-67.902962
-79.238266
-66.952843
-84.168343
-131.631607
-185.406311
-184.282974
-135.963257
-54.680702
-70.798264
-79.919601
-58.682095
-55.98304
-102.449661
-160.002136
-149.510986
-77.316185
-8.379322
-8.240189
-9.551008
-9.723149
-8.280038
-9.855045
-18.989656
-20.512354
-22.391434
-13.919412
-10.532594
-5.270264
-9.849622
-15.849831
-15.537447
-19.205225
-20.364288
-27.594877
-6.318938
-3.391792
-6.932821
-8.732932
-11.532487
-10.763453
-14.255532
-14.544841
-15.654231
-6.939777
-5.501098
-4.773942
-4.569216
-5.312239
-5.673313
-11.55491
-12.296251
-12.452209
-6.296316
-3.652364
-3.080215
-2.911896
-4.79609
-7.602422
-15.391502
-20.191092
-21.90411
-8.249877
-12.11157
-12.128711
-7.65263
-4.705896
-24.766741
-64.753426
-65.850883
-53.492188
-12.527263
-18.512575
-21.42631
-12.114022
-12.97552
-45.482983
-89.761719
-89.822571
-71.351997
-24.158583
-30.905321
-34.550407
-25.890697
-46.945286
-80.368614
-110.376564
-107.084419
-83.318932
-16.378113
-24.318357
-26.656481
-18.230436
-31.965149
-65.439766
-99.176559
-92.612839
-50.152191
-21.042082
-22.191307
-19.736513
-18.094786
-17.498291
-19.121704
-22.389107
-23.365334
-19.583107
-26.150442
-23.605364
-15.935023
-15.042822
-17.898855
-18.552353
-20.465258
-23.37928
-27.555273
-13.255968
-12.018135
-12.15773
-11.16081
-12.332218
-11.235147
-13.76399
-15.486534
-18.913946
-8.954058
-6.28391
-6.298366
-6.311261
-7.231923
-7.792598
-11.387673
-13.081616
-16.401569
-7.453682
-6.226436
-4.836527
-5.102605
-7.447816
-10.104181
-16.223597
-21.466604
-22.989578
-11.495453
-16.518019
-12.776819
-9.333705
-6.118188
-22.700911
-53.637249
-57.197235
-50.088615
-17.355265
-30.713181
-31.018034
-19.35387
-14.170367
-38.492077
-73.978134
-76.522285
-65.6213
-25.208216
-34.856258
-41.388721
-34.214611
-46.812542
-69.592384
-92.521584
-89.884926
-73.466805
-25.784184
-30.722166
-32.041397
-26.017748
-33.209064
-56.56842
-83.173309
-78.141777
-45.196301
-17.249111
-23.708063
-25.645088
-24.410357
-24.675724
-25.675798
-21.621336
-26.764637
-14.574955
-25.655363
-24.04689
-18.416973
-17.16197
-19.124905
-16.624943
-13.622341
-16.913399
-17.992456
-8.825998
-9.108282
-9.633871
-7.270457
-7.274855
-4.915284
-6.001492
-4.030463
-8.895844
-5.802004
-3.333161
-3.4166
-3.508626
-4.128688
-3.211017
-2.474541
-3.484658
-6.106879
-4.209874
-4.259838
-2.671019
-2.736173
-3.336865
-4.515993
-8.691534
-10.794175
-10.725767
-8.042763
-15.066542
-10.431111
-5.003783
-4.352033
-13.738516
-34.778236
-34.849155
-26.937866
-13.140887
-32.685131
-30.086336
-20.798723
-10.635397
-25.771542
-50.303829
-49.612164
-39.161335
-27.469244
-38.92411
-36.799953
-29.885479
-34.585026
-45.499039
-59.979752
-58.532528
-41.526054
-32.714195
-42.363548
-42.060223
-31.017956
-21.726856
-31.894711
-49.58271
-46.059151
-24.592985
-23.562126
-27.385138
-24.4314
-20.921413
-21.514149
-22.070881
-26.165594
-28.486288
-20.435211
-36.536499
-27.956474
-19.517956
-15.118157
-17.591177
-15.041829
-18.992146
-22.728834
-29.826214
-16.166464
-16.049919
-16.960915
-13.548536
-14.726839
-11.55319
-16.572416
-16.17934
-19.854055
-7.340534
-4.535435
-3.944013
-3.854273
-5.66988
-5.601863
-10.323106
-12.648265
-14.224623
-5.816471
-4.7371
-2.700204
-2.84011
-3.965187
-5.965075
-15.786469
-22.650864
-20.897526
-9.40774
-8.270452
-5.36879
-4.074393
-4.693767
-22.122046
-55.677166
-61.873184
-49.291187
-13.454352
-25.399361
-24.051758
-20.248465
-13.750393
-37.867462
-77.162064
-82.585342
-66.026093
-29.778906
-34.602562
-35.97147
-36.914318
-50.646843
-70.813339
-96.090103
-95.667488
-68.762756
-37.799229
-45.399452
-44.845829
-35.737133
-34.852608
-52.978149
-82.295143
-76.273483
-40.454872
0.783425
3.817225
7.984872
9.791383
10.515058
15.118811
-0.704227
6.519256
-4.283962
1.688787
1.100631
5.074219
5.458269
3.122695
4.09557
-5.249913
-3.105948
-8.453759
-1.177707
-4.776884
-5.936402
-6.839438
-9.190117
-7.134066
-7.659621
-4.093033
-1.538628
-1.047764
-1.239408
-1.514396
-1.577791
-2.312425
-2.650622
-6.127899
-3.603496
-2.14802
-1.30644
-2.336569
-1.932646
-1.408533
-1.698242
-1.649615
-5.214579
-5.832275
-8.542784
-1.059451
3.895449
2.932164
2.604512
-1.134506
-10.287936
-29.60441
-31.016487
-28.423666
2.288669
8.115247
10.932645
8.336669
-6.216048
-22.150734
-46.888062
-46.808121
-41.508293
4.905139
3.814572
3.246955
-0.281033
-30.33115
-44.749115
-64.038567
-60.966
-49.870426
0.637084
5.772091
16.383148
3.431558
-19.098257
-39.839642
-60.637505
-54.938087
-30.927292
-48.108894
-52.992352
-56.145821
-51.021629
-51.528069
-56.38483
-54.232422
-62.072136
-44.435955
-67.86554
-55.871346
-45.241966
-41.893623
-48.606762
-47.295784
-46.441265
-52.883545
-61.331795
-28.804419
-27.676399
-28.239458
-24.358751
-26.10166
-22.243727
-32.120621
-35.603088
-39.75639
-13.436184
-10.042683
-10.222947
-9.491932
-11.1378
-12.453648
-20.010004
-25.964811
-27.220949
-10.358402
-8.451189
-7.306894
-7.744528
-9.163464
-14.145994
-30.069616
-41.702904
-37.757263
-16.272594
-24.922255
-20.731119
-10.649565
-8.385015
-40.720966
-110.896675
-116.869835
-89.662994
-27.325033
-56.822308
-59.17157
-39.860825
-22.740599
-73.621613
-151.590591
-155.989426
-120.650238
-55.888908
-70.581642
-78.171921
-64.870049
-85.674057
-129.45314
-178.243607
-175.536301
-128.158279
-55.49831
-73.381432
-78.580338
-56.794331
-56.185257
-99.970879
-154.427109
-142.673035
-74.403648
-8.458649
-9.035831
-10.329754
-10.403475
-8.963966
-10.489069
-19.030579
-20.845951
-21.720268
-15.31296
-11.283936
-6.029268
-10.829973
-17.058487
-16.077574
-19.07756
-20.413729
-26.158173
-7.233854
-4.113158
-8.001349
-9.991274
-12.77973
-11.334003
-14.510153
-13.784771
-14.267395
-6.966429
-5.655773
-4.694283
-4.649938
-5.674021
-5.979566
-10.931154
-10.696222
-10.876169
-6.120225
-4.122264
-3.366924
-3.399248
-5.208713
-7.364789
-13.993944
-17.499165
-19.460596
-8.533921
-13.147896
-11.93466
-7.667385
-5.480045
-23.615227
-61.437912
-60.619877
-48.503563
-12.208828
-19.029009
-20.736967
-12.3363
-13.588921
-43.294964
-86.123245
-84.484161
-65.564735
-23.205399
-31.140263
-34.232784
-26.723774
-48.722988
-78.947784
-106.92263
-102.592842
-78.54422
-14.493155
-24.80134
-26.279566
-18.49593
-32.607811
-63.860367
-96.123657
-88.502617
-48.071835
-22.537315
-23.582216
-20.965277
-18.11231
-17.083826
-18.528675
-21.56749
-22.793121
-19.123323
-27.540625
-24.99066
-17.147532
-15.402875
-17.91951
-18.223391
-20.154938
-22.887474
-27.351049
-13.873587
-12.71563
-12.600609
-11.204103
-12.128119
-10.740223
-13.438849
-14.485112
-18.009378
-8.894733
-6.313177
-6.420711
-6.361466
-7.288623
-7.739799
-11.321308
-12.937696
-15.851264
-7.369083
-6.241208
-4.983057
-5.187386
-7.308969
-9.946195
-15.846665
-20.855999
-22.030897
-11.365786
-16.099302
-12.6921
-9.493814
-6.073124
-22.272579
-52.058434
-55.414871
-48.232178
-17.3522
-30.721174
-31.426771
-19.674063
-14.386874
-37.615753
-72.059616
-74.592468
-63.683334
-25.655199
-35.108063
-41.74839
-34.579781
-47.33091
-68.843369
-90.657104
-87.617699
-71.437477
-26.476097
-31.229471
-32.444321
-25.940493
-33.337807
-55.757805
-81.689644
-76.338448
-44.435402
-4.761272
-4.589105
-5.806665
-6.010873
-6.812627
-6.360857
-5.612395
-8.419194
-6.861706
-9.699586
-7.498126
-6.118472
-6.806687
-7.557114
-5.744756
-6.465344
-7.411104
-12.211659
-1.670185
-3.449829
-4.274789
-3.571986
-3.32112
-2.381306
-4.220638
-4.840352
-6.851129
-0.747601
-1.991967
-2.279852
-2.331321
-2.497358
-2.320281
-2.92093
-3.372949
-4.596791
-0.12999
-2.020793
-1.69973
-1.769334
-1.474486
-1.650099
-2.191751
-1.468502
-2.529159
-2.386152
-6.694819
-4.127911
-1.188388
-1.75694
-1.962132
-3.75634
-2.014817
-2.490097
-7.314799
-10.905781
-9.529799
-5.689627
-1.812465
-2.932183
-4.678046
-3.056656
-2.90707
-10.555348
-12.519337
-7.200401
-5.51666
-3.735074
-4.286688
-4.269641
-4.310964
-3.129794
-11.866546
-11.330721
-7.403525
-4.095958
-1.818243
-1.881145
-3.092556
-3.832441
-1.233819
-21.046328
-18.795193
-21.625509
-17.645979
-16.924603
-20.184225
-18.746313
-26.295235
-16.955202
-22.010612
-18.65778
-18.545685
-15.469545
-15.348001
-16.884621
-17.478533
-24.032639
-26.422443
-9.59446
-6.496418
-5.939767
-4.288118
-4.049121
-5.162922
-9.237827
-18.464605
-19.583916
-2.659616
-2.620258
-2.684513
-2.607699
-2.604156
-3.448313
-9.761713
-14.892639
-14.749615
-1.813884
-2.351514
-3.042482
-3.382017
-2.432523
-3.591497
-9.242495
-14.960814
-13.57332
-2.466465
-11.204285
-9.744738
-7.098072
-4.183842
-6.882564
-17.018019
-21.317329
-18.86134
-6.383396
-20.292349
-21.505558
-22.201105
-7.393254
-10.445829
-17.722097
-21.287424
-19.897369
-14.191544
-19.724957
-20.166626
-23.623581
-12.217705
-11.979229
-16.695551
-19.688002
-16.610434
-12.978128
-15.141525
-18.768785
-15.197266
-5.957228
-8.338854
-13.347258
-15.636663
-7.940761
13.577355
13.09288
14.536726
12.016373
11.091145
12.968245
10.746426
16.420961
7.950296
16.023474
13.971423
11.95531
10.078947
9.844549
11.015199
9.677454
15.528953
13.096978
6.76416
5.369627
4.550826
3.34314
2.74392
3.392536
4.567811
10.538344
8.054459
1.960011
1.677913
1.858169
1.810062
1.705412
1.950897
4.294675
6.73007
4.217806
1.578006
0.767991
1.640678
1.849793
1.693215
1.636543
4.180121
6.899135
4.670504
1.473609
4.995961
5.249855
4.04501
1.316783
2.746866
8.635668
10.891268
8.102957
-0.186174
8.030451
7.877223
11.940711
3.243712
5.100612
9.744497
11.218054
9.000854
1.920333
7.803388
7.780827
11.384051
6.69227
6.095996
10.459097
11.247728
7.939526
2.841297
4.804041
8.61198
8.891198
2.564689
4.805216
7.96976
8.745703
3.238031
21.097521
18.35593
20.180389
16.877245
17.4426
18.150105
15.676379
19.946398
12.134839
31.12104
22.479368
17.637627
15.595678
16.894367
15.118104
14.500466
15.967656
19.577713
11.486757
9.360502
9.09859
6.713205
6.078428
5.051417
7.59932
10.616244
11.32622
3.562464
3.897047
4.451708
4.244565
4.460025
3.954435
5.94371
7.634049
7.466094
3.00908
4.894365
4.227538
4.421798
3.308869
3.125087
4.52716
5.033871
5.532299
9.257433
13.898315
10.387627
5.448782
3.900814
5.222441
8.149673
7.953556
8.049385
18.512766
22.585571
23.849129
16.466658
5.539407
6.871209
9.412519
9.084157
9.151677
23.860558
25.206257
20.511961
17.07156
10.257364
9.85142
10.272707
10.139596
8.541566
19.365875
19.042486
20.440882
13.967269
5.493495
5.833832
8.53885
8.583159
4.962612
-34.751282
-33.757252
-47.056225
-40.981895
-37.786049
-45.100159
-40.247578
-61.936626
-29.797232
-35.044827
-34.966454
-39.714363
-34.567287
-31.585165
-40.173679
-39.432587
-65.731262
-57.413876
-16.441189
-10.425156
-12.241707
-11.80302
-10.696154
-15.031238
-22.968903
-49.404743
-43.50795
-4.822822
-3.895937
-5.181136
-5.632269
-5.260641
-7.018235
-22.496803
-35.886559
-30.68815
-3.070873
-2.348967
-5.424444
-5.74604
-4.699596
-7.813627
-24.801472
-42.877373
-35.374794
-0.099891
-15.413317
-15.482154
-9.720157
-6.028092
-20.593092
-55.872356
-73.624413
-59.009102
-3.318511
-22.913422
-31.837969
-23.970123
-11.290172
-33.529549
-61.445625
-75.666473
-65.097977
-15.429173
-22.229019
-36.232353
-29.167295
-27.585514
-38.023911
-62.729698
-71.676514
-55.123852
-14.596605
-20.716236
-29.979876
-23.50802
-18.448744
-28.391451
-47.769966
-53.586983
-27.168888
2.694882
-3.230018
-17.28462
-25.403605
-26.470825
-28.617922
-26.325928
-37.471172
-18.222933
-2.457773
-5.111161
-10.233908
-16.355467
-16.852024
-21.17399
-21.968645
-38.006256
-34.941189
2.724808
4.382136
-2.329427
-5.59503
-5.966664
-8.101287
-11.012386
-27.496115
-27.008726
-3.066854
-0.897066
-1.461114
-2.976099
-2.686696
-3.054487
-7.853119
-16.912954
-16.046974
-2.268728
1.405206
-0.665002
-1.27068
-2.863426
-4.478891
-12.588402
-22.821589
-21.995256
-3.194355
-6.550476
-7.981941
-5.273794
-3.194595
-11.989846
-36.888771
-47.575047
-41.394093
-4.856567
-17.590733
-20.293999
-18.666323
-5.512253
-23.794661
-41.335339
-49.891857
-44.893867
-8.591992
-13.356807
-24.953032
-19.720198
-12.09678
-25.155212
-40.751137
-47.74514
-37.006062
-9.116793
-13.168913
-22.680538
-17.035416
-10.452293
-16.67411
-29.247963
-35.497692
-15.838352
26.236191
21.968115
17.607191
4.753213
1.113229
-0.608369
-8.766237
-3.158665
-6.596619
22.502281
15.689264
15.281706
5.30398
2.151465
0.636746
-5.868091
-7.325138
-9.042952
9.55082
11.428763
3.25564
2.121837
-0.074458
-3.090447
0.214586
-2.331263
-8.153733
-2.23122
0.761683
1.413248
0.459346
0.321197
-0.090885
3.399876
1.57687
-1.071942
-1.589271
2.674266
1.825313
1.081132
-1.017178
-2.067481
-1.440693
-3.478075
-3.496914
-4.821059
0.488826
-1.684931
-3.615046
-1.289115
-0.878184
-8.199163
-13.105986
-10.567725
-1.005547
-2.688463
7.306958
-0.486571
2.090851
-5.761243
-4.025433
-9.350984
-11.959007
7.088667
3.319783
0.431443
-0.622122
2.281609
-2.449977
2.851233
-2.060997
-7.819369
10.700644
6.226031
3.547476
-0.934863
-1.31708
-1.34831
1.867185
-2.454732
-2.132568
-1.250944
-0.054072
-2.670811
-2.047052
-1.72224
-3.941233
-4.172733
-8.081348
-4.053795
0.621307
0.567299
-1.774702
-1.928543
-0.944388
-5.624635
-4.201207
-11.589963
-13.083738
-1.528896
0.537438
0.378853
1.905732
1.246407
-3.883547
-3.179921
-11.565392
-11.191332
1.403532
2.289117
1.574941
0.871227
0.748718
-0.184719
-3.786824
-9.812643
-7.681304
1.186373
2.786865
1.317847
1.747938
0.301978
-1.632805
-6.131894
-11.181231
-11.904186
2.9455
1.188474
-2.401028
-0.356195
0.264297
-3.646503
-14.007585
-20.46183
-20.111538
2.574596
3.698085
5.198377
-0.200258
1.157813
-8.770392
-14.265885
-21.656296
-22.432806
0.476257
4.58152
0.465859
3.276571
1.513606
-6.20653
-10.53206
-17.123268
-19.356495
0.371413
2.5614
1.884045
1.167216
0.582441
-6.202894
-10.026252
-16.262802
-9.665133
22.695314
21.468163
13.96676
1.068622
-3.726976
-7.274645
-11.135526
-11.627937
-9.720052
25.004833
23.318216
15.240308
4.159249
2.055009
-2.463501
-5.888779
-17.864569
-20.701927
13.904428
14.540348
5.451206
0.437471
-1.964939
-5.866188
-4.711193
-15.795133
-19.203085
-1.167405
1.138765
0.799909
-0.167714
-0.219306
0.110138
-1.000656
-8.77734
-9.774115
-1.468171
4.75901
3.292771
2.654831
-0.329363
-0.982122
-4.992127
-12.55654
-12.745895
-4.353209
-2.216722
-3.458105
-1.307281
-0.453629
-3.995939
-19.432468
-28.666142
-26.134348
-5.690923
-4.804095
-4.439348
-4.121278
0.421799
-11.799644
-20.62674
-30.101938
-29.699331
1.948767
3.824037
-3.608077
-3.59732
-1.732145
-12.841318
-17.546442
-25.88081
-24.060955
4.1801
7.357941
2.085404
1.82206
-3.77542
-8.043188
-13.369925
-20.714209
-10.96329
11.708909
8.309954
6.600348
2.182418
1.064487
-1.255078
-3.045478
-2.651984
-1.363497
11.306612
9.100922
8.408476
4.139012
4.333702
0.634276
-1.933556
-6.956939
-7.923563
5.084308
6.794531
3.514394
1.961637
1.073874
-1.848495
-0.993015
-6.655175
-9.30734
-2.056857
0.531701
0.934666
0.651144
0.726131
0.765151
0.76249
-4.45381
-5.613532
-1.929847
2.20998
1.796044
1.591447
-0.884688
-1.856583
-2.330232
-6.368946
-6.792049
-2.932437
-0.10487
-2.379656
-3.16383
-0.755815
-2.477881
-11.279113
-16.105881
-13.810216
-1.345626
1.589779
1.116592
-2.97618
1.616577
-7.239532
-10.563016
-16.520044
-15.995316
0.911238
4.497392
-0.069161
-2.164649
1.992694
-6.011003
-7.809041
-11.507504
-12.361215
3.836037
5.279922
0.700895
-0.377579
-0.026883
-3.017767
-6.222828
-9.686312
-5.945903
12.355714
13.392435
22.164404
24.044756
26.605659
22.927094
18.122278
21.892368
17.351076
40.192715
35.379181
27.784285
29.208664
30.626804
22.158216
26.637453
21.720625
23.892246
14.024898
14.205604
12.082945
11.567245
10.778794
6.332551
10.840472
5.666936
10.656957
9.643142
10.090039
8.982226
8.614025
9.379169
8.8466
9.643138
6.787698
9.183792
4.663994
10.503543
7.718626
8.112125
6.618412
6.816066
5.650761
-0.293681
3.7345
11.699238
18.133816
12.524507
6.217018
5.675645
9.687614
10.136806
3.149469
4.120374
18.868858
34.606342
42.694618
20.474022
9.128094
8.115458
13.96744
6.261436
5.111374
37.599709
40.667133
42.788361
30.008696
22.225698
19.453707
18.694229
13.130624
8.698608
42.663525
38.751083
39.904171
23.987526
12.375616
11.187768
16.322807
11.718969
8.345351
24.64283
26.142529
24.084198
17.08128
14.849249
11.164723
7.677726
15.128806
12.046283
35.044357
33.580353
25.759155
19.691984
18.924963
13.393841
14.669348
10.943266
8.053204
15.378743
13.937828
9.501822
7.80064
4.980745
1.867321
6.663462
4.681015
-0.15006
4.169503
6.231619
5.29379
4.281163
4.854235
5.13518
5.372135
1.76109
-1.386863
2.155823
7.998678
6.63564
5.874766
3.856752
3.624168
1.974527
-3.836456
-5.141329
2.174231
10.925179
7.520093
4.293986
3.406896
3.073938
-4.672073
-10.675472
-11.534896
7.699498
21.873211
20.841057
11.158843
5.272059
-4.010571
-3.268362
-10.739777
-12.973577
19.925514
31.116735
24.148335
16.876934
11.959314
-2.133321
-1.797692
-7.555368
-9.514853
23.81673
32.94817
29.145325
17.794935
2.894332
-1.183158
-0.351021
-5.236501
-1.66601
30.642944
23.242514
17.823168
3.457787
-0.115
-2.769472
-4.219937
-0.500702
-4.744284
26.558969
20.528009
15.497204
4.671513
4.250863
2.091941
-3.650691
-5.728123
-11.866647
13.944633
10.563288
3.23946
-2.905687
-3.044052
-3.948561
-2.793303
-4.133755
-11.319197
-1.715747
2.027217
2.525715
2.247119
1.806924
0.723812
2.573745
-2.022785
-5.431734
-0.718596
4.157511
4.52198
4.264019
1.259608
-1.164759
-2.439613
-4.109708
-5.124772
-2.674371
-4.695107
-4.586164
-2.554715
1.840592
-4.131609
-19.228792
-19.700953
-16.872364
-1.166929
-1.189785
-1.038328
-0.26697
5.165001
-10.303453
-19.665146
-22.271481
-20.320103
7.786611
6.41645
1.040824
3.722594
9.343181
-9.984015
-17.722206
-20.239077
-18.167736
10.815503
6.131326
-3.617885
4.193874
0.812966
-6.117274
-11.971124
-14.97261
-8.317075
1.068516
0.987588
-3.196666
-4.906766
-4.322329
-6.890306
-8.231371
-5.894627
-4.69778
1.691332
-0.174064
-2.805731
-3.117127
-2.941433
-7.879231
-7.089312
-9.210983
-14.698351
0.843131
0.606186
-3.044177
-3.624547
-3.941981
-8.968263
-9.635458
-11.96978
-12.169626
2.188322
2.285322
1.442179
0.878565
0.339082
-1.341906
-5.99851
-11.673697
-8.250667
1.222451
3.287284
2.084954
2.797396
0.500736
-2.285919
-8.126498
-12.619934
-12.447409
2.312101
-0.081112
-2.511431
-1.681675
-0.295773
-7.604634
-22.875751
-26.79738
-23.901213
0.689201
3.966562
4.128232
-2.67137
-0.69046
-15.268847
-24.135544
-30.782942
-27.659428
-2.077765
1.08999
-3.336703
-0.402588
-0.073837
-15.263613
-22.154762
-26.04722
-23.925014
-0.82598
1.38337
-4.135288
0.977906
-2.340027
-12.100058
-17.140326
-21.150126
-12.419528
23.592522
23.364515
17.762985
5.232642
0.308829
-2.990092
-7.402727
-4.357341
-7.286681
29.629589
27.644381
19.65443
8.50581
6.59106
2.661975
-1.665218
-10.614203
-16.165749
17.076015
17.888264
7.919587
3.060688
0.039273
-3.553925
-0.955989
-8.711891
-13.809352
0.465686
3.179364
2.507069
1.624998
1.291046
1.43922
1.848012
-4.075143
-6.281888
-0.358465
7.49123
6.11053
5.026432
1.554783
0.603875
-2.60351
-8.588511
-9.359138
-2.42877
1.681056
0.313483
1.091184
2.150824
-2.194864
-17.520193
-24.195723
-21.368368
-2.573032
0.959681
1.223565
0.280015
3.076218
-10.82053
-19.138571
-26.665459
-25.558105
4.644253
7.066518
0.539022
2.678326
3.449616
-12.404896
-17.067381
-23.720402
-21.595734
7.489253
9.057462
4.492963
6.953495
-0.373574
-7.313045
-13.047675
-19.379807
-9.587421
10.976384
7.220577
4.733475
0.359336
-0.882978
-3.14662
-4.602348
-1.25107
-3.989704
10.152126
5.673472
4.16595
1.095614
1.435439
-2.101787
-5.223948
-6.612515
-10.782569
4.718149
4.446474
0.377039
-1.348112
-2.082611
-4.600608
-3.799089
-7.32444
-10.143459
-1.607852
0.394882
1.028047
0.699193
0.318891
-0.097551
-1.163406
-7.10833
-6.301045
-1.009969
3.286278
2.729347
2.284683
-0.436
-2.287942
-3.949853
-7.766506
-6.942885
-1.264259
-1.22811
-2.835088
-1.826645
0.023874
-4.136932
-15.811919
-19.830889
-15.429243
0.731957
3.328977
2.663626
-2.155698
2.069571
-9.304843
-16.342793
-22.542067
-18.735409
4.208185
6.294125
2.188242
0.971896
3.761005
-8.934081
-14.091702
-17.366547
-15.528876
5.321083
6.277851
1.567979
1.927008
1.145331
-4.515781
-9.819918
-12.83757
-8.534896
