1.6e-05
3.1e-05
1.2e-05
1e-05
1.8e-05
1.4e-05
3.8e-05
8e-06
1e-05
8e-06
9e-06
1.1e-05
1.9e-05
1.3e-05
1.3e-05
1.2e-05
2e-06
1e-06
4e-06
9e-06
6e-06
1.6e-05
4.6e-05
5.6e-05
4.2e-05
5e-06
8e-06
0.000109
9e-06
1.4e-05
1.6e-05
1.5e-05
3.4e-05
1.2e-05
9e-06
3.3e-05
0.000181
2.1e-05
3.5e-05
2.2e-05
1.6e-05
6e-05
6.4e-05
2.6e-05
9.1e-05
0.000336
1e-05
8e-06
6.6e-05
9.1e-05
0.000193
2.4e-05
9e-06
4e-05
0.000684
0.001132
0.329978
0.000114
0.000333
0.000103
7e-06
5e-06
4.8e-05
0.002261
0.04371
0.999877
0.003444
0.000437
8.5e-05
1.3e-05
7e-06
3.9e-05
0.002832
0.000181
0.024331
0.000625
0.006503
0.00058
6e-05
4.6e-05
0.000184
1e-05
3.3e-05
1.5e-05
1.4e-05
2.7e-05
2.8e-05
6.3e-05
5.5e-05
1.9e-05
8e-06
2.3e-05
1.9e-05
2.6e-05
1.3e-05
1.5e-05
2.9e-05
4e-06
5e-06
7e-06
2.2e-05
8e-06
2e-05
2.6e-05
3e-05
4e-05
7e-06
1.7e-05
9.3e-05
4e-06
9e-06
6e-06
5e-06
1e-05
5e-06
7e-06
2.4e-05
0.000115
6e-06
1e-05
5e-06
9e-06
1.1e-05
1.5e-05
2.8e-05
5.5e-05
0.000196
3e-06
0.000147
9.5e-05
3.9e-05
5.1e-05
1.2e-05
7e-06
1.7e-05
0.001141
0.000906
0.999306
0.183311
0.000241
5.9e-05
9e-06
7e-06
2e-05
0.002086
5.4e-05
0.942351
0.016994
0.000271
7.3e-05
1.4e-05
7e-06
1e-05
0.008151
2.6e-05
0.000499
0.001225
0.00464
0.00061
3.9e-05
4e-05
0.000102
1.1e-05
3.6e-05
1.3e-05
1.7e-05
3.9e-05
3.1e-05
7.3e-05
1e-05
1.1e-05
7e-06
6e-06
2.3e-05
2.9e-05
2.1e-05
1.8e-05
3e-05
8e-06
1.4e-05
5e-06
1e-05
2e-06
7e-06
1.9e-05
2.4e-05
1.9e-05
2e-06
1.4e-05
7.2e-05
1.2e-05
7e-06
1e-05
1.1e-05
3.3e-05
2.7e-05
3.5e-05
8.7e-05
0.000146
2.3e-05
1.6e-05
8e-06
8e-06
2.4e-05
8.4e-05
8.8e-05
0.000222
0.000157
0.000174
1.5e-05
5.2e-05
9.7e-05
9.2e-05
1.4e-05
1.2e-05
5.2e-05
0.000662
0.985542
0.874445
8.3e-05
0.000287
0.000113
7e-06
7e-06
5.3e-05
0.002758
0.677593
0.754256
4.1e-05
0.000268
6.7e-05
4e-06
4e-06
2e-05
0.001883
0.000256
0.000178
0.000156
0.011086
0.000429
2.3e-05
1.9e-05
0.000142
0.000123
0.000519
5.7e-05
6.9e-05
0.000125
0.000193
0.000477
0.000122
7.1e-05
3e-05
2.1e-05
6e-06
6e-06
4e-06
5e-06
3.3e-05
1e-05
1.7e-05
3.9e-05
2.8e-05
1.4e-05
2.1e-05
2.9e-05
6.2e-05
6.3e-05
4.1e-05
3e-05
9e-05
7e-06
8e-06
7e-06
6e-06
1.5e-05
2.5e-05
5e-05
5.3e-05
0.000148
3e-05
2.6e-05
1.9e-05
1.5e-05
1.4e-05
6.2e-05
0.000168
9.4e-05
9.7e-05
3.5e-05
8.7e-05
0.000142
0.000104
7.2e-05
4.4e-05
3e-05
1.6e-05
0.000709
0.002735
0.044779
0.203914
0.000815
0.000321
4.2e-05
2.5e-05
1.6e-05
0.003581
0.000743
0.089166
0.308862
0.000827
0.00035
3.2e-05
2.3e-05
3e-05
0.00509
0.000531
0.001435
0.009457
0.00462
0.00137
5.5e-05
0.000104
0.000167
5.2e-05
3.1e-05
1.6e-05
2.3e-05
5.5e-05
5.8e-05
8.5e-05
5e-06
3e-06
1.8e-05
1.2e-05
3e-06
3e-06
7e-06
8e-06
2.7e-05
1e-06
3e-06
5.8e-05
5.7e-05
1.5e-05
1.3e-05
1.9e-05
2.8e-05
2.3e-05
1e-05
5.6e-05
7.3e-05
1.7e-05
1e-05
6e-06
5e-06
2.1e-05
6.6e-05
7.5e-05
8.7e-05
0.000119
2.2e-05
2.4e-05
1.2e-05
1.1e-05
2.3e-05
0.0001
0.000266
0.000202
0.000275
0.000631
2.3e-05
4.3e-05
7.2e-05
0.000102
1.9e-05
1.4e-05
5.3e-05
0.069367
0.885519
0.003691
0.000332
0.000159
0.000245
1.1e-05
4e-06
3e-05
0.172281
0.888835
0.013762
0.000204
0.000215
8.7e-05
3e-06
2e-06
2.2e-05
0.023721
0.003496
0.000794
0.000939
0.007117
0.000383
1.7e-05
1.6e-05
0.000148
5.9e-05
0.000291
4.1e-05
5.1e-05
0.0001
8.4e-05
0.000195
4.6e-05
1.6e-05
2.7e-05
1.2e-05
1.3e-05
8e-06
1.1e-05
2e-05
8.7e-05
3.8e-05
2.7e-05
1.4e-05
2e-05
5e-06
9e-06
1.2e-05
2.1e-05
6.9e-05
2.3e-05
1.8e-05
5.3e-05
5e-06
2e-06
2e-06
3e-06
1.4e-05
5.3e-05
7.3e-05
0.000101
0.000113
8.5e-05
5.3e-05
2.2e-05
1.1e-05
2.5e-05
0.000245
0.000475
0.000164
0.000312
9.9e-05
0.000231
0.0001
5.1e-05
0.000152
0.000335
0.000171
5.7e-05
0.000269
0.000258
0.000347
0.000222
0.000113
0.000428
0.000451
0.00012
9.2e-05
0.000458
0.001665
0.009962
0.001702
0.000998
0.000614
0.000548
0.000338
0.000144
0.011084
0.009665
0.19618
0.263245
0.011565
0.00192
0.000404
0.00035
0.000436
0.000122
0.000645
0.000147
7.7e-05
0.000165
0.00013
0.000855
8.3e-05
2.2e-05
6.9e-05
0.000257
6.1e-05
2.1e-05
1.3e-05
1.3e-05
7.6e-05
2.2e-05
1.1e-05
5.3e-05
2.4e-05
3e-06
7e-06
1.5e-05
1.9e-05
2e-05
4.4e-05
6e-05
9.2e-05
1e-05
9e-06
7e-06
6e-06
1.5e-05
3.8e-05
7.6e-05
0.000168
0.000149
8.9e-05
0.000141
2.7e-05
1.1e-05
2.2e-05
0.000127
0.000188
0.000164
0.000107
6e-05
0.000121
8.3e-05
0.000153
0.000159
4e-05
7e-05
4.2e-05
0.000117
0.001473
0.000394
6.9e-05
0.000258
0.000249
6e-05
3.3e-05
5e-05
0.003009
0.00562
0.002873
0.000346
0.000598
0.000166
0.000116
6.1e-05
9.9e-05
0.155076
0.047263
0.002447
0.007996
0.011663
0.001336
0.000148
0.000185
0.000313
9e-06
5e-06
1e-05
4.4e-05
4.4e-05
3.9e-05
7.1e-05
9e-06
3e-06
1.7e-05
4e-06
7e-06
1e-05
9e-06
1.3e-05
0.00013
3.2e-05
9e-06
5e-06
5e-06
5e-06
1.5e-05
3e-05
3.6e-05
5.8e-05
1.6e-05
1.8e-05
5.3e-05
9e-06
5e-06
5e-06
4e-06
1.8e-05
4.9e-05
9e-05
9.5e-05
0.000215
0.000245
0.00013
7.8e-05
2.7e-05
1.6e-05
0.000114
0.000472
0.000229
0.000297
8.1e-05
0.000136
0.000115
0.000105
9.2e-05
0.000466
0.000845
0.000215
0.000283
9.2e-05
0.000755
9.2e-05
0.00011
0.000175
0.00032
0.00077
0.000345
0.001437
0.000743
0.003093
0.000378
0.00036
0.000181
0.000483
0.000884
0.00041
0.007642
0.003501
0.005937
0.005594
0.003249
0.001088
0.000469
0.000616
0.000418
1e-05
0.000105
5.8e-05
0.000167
0.000292
0.000296
0.000751
4.3e-05
6e-06
9e-06
5.4e-05
1.5e-05
1.3e-05
8e-06
1.8e-05
7.2e-05
4e-05
9e-06
1.1e-05
2.2e-05
1.3e-05
2.6e-05
2.5e-05
6.3e-05
3.8e-05
1.9e-05
1e-05
4.9e-05
1.5e-05
1.9e-05
1.6e-05
6e-06
1.3e-05
2.4e-05
7.5e-05
6.5e-05
0.000116
0.00019
0.000204
3.8e-05
6e-06
8e-06
4.9e-05
0.000361
0.000167
0.000209
0.000124
0.000168
5.6e-05
3e-05
0.00012
0.000199
0.000204
9e-05
0.000369
0.000375
0.000539
4.4e-05
6.9e-05
0.000305
0.00022
0.000264
0.000206
0.000608
0.001594
0.001553
0.000237
0.00038
0.000128
0.000324
0.000562
0.000316
0.010648
0.010303
0.000504
0.000414
0.003333
0.001107
0.000372
0.000766
0.00049
2.4e-05
9.3e-05
8.4e-05
0.000155
0.000104
9.5e-05
6.8e-05
1e-05
4e-06
2.9e-05
1.7e-05
6.8e-05
3.2e-05
1.8e-05
5.1e-05
8.6e-05
5e-06
3e-06
2.4e-05
2.8e-05
6e-06
1.5e-05
1.8e-05
3.1e-05
4.1e-05
2.9e-05
1.6e-05
0.000111
2.2e-05
9e-06
7e-06
5e-06
1.8e-05
4.5e-05
0.000128
9.5e-05
0.000283
0.000124
0.000121
4.8e-05
3.3e-05
5e-05
0.00011
0.000632
0.000266
0.000308
4.7e-05
7.4e-05
7.7e-05
0.000108
0.000174
0.00032
0.000917
0.00047
0.000613
0.000345
0.000261
0.00021
0.000231
0.00027
0.000167
0.000499
0.000836
0.000886
0.000522
0.004608
0.000696
0.000275
0.000298
0.000225
0.000492
0.000358
0.013067
0.007043
0.032787
0.008806
0.002381
0.001263
0.000198
0.000288
0.000815
2.1e-05
0.000269
0.000123
0.000332
0.000317
0.000269
0.000312
2.5e-05
1.3e-05
9e-06
3.7e-05
2.2e-05
1.8e-05
1.3e-05
1.9e-05
2.9e-05
2e-06
2e-06
1e-05
2.2e-05
4e-06
1.6e-05
1.9e-05
4.9e-05
2.6e-05
1.7e-05
1.2e-05
0.000157
1.7e-05
1.3e-05
1.3e-05
7e-06
2e-05
2.1e-05
3e-05
4.9e-05
0.00023
0.0001
7.6e-05
2.5e-05
8e-06
1e-05
4.8e-05
0.000228
0.000155
0.000334
0.000287
0.000188
6.5e-05
6e-05
7.4e-05
0.000224
0.000299
0.000137
0.001196
0.001674
0.000854
6.9e-05
0.000263
0.000155
0.000158
0.000269
0.000262
0.001516
0.003146
0.002087
0.000186
0.000627
0.000229
0.000143
0.000202
0.000178
0.015218
0.132065
0.006094
0.002307
0.002686
0.000738
0.000168
0.00021
0.000295
1.4e-05
4e-06
2.4e-05
0.000128
0.000118
0.000176
0.00061
1.3e-05
1.1e-05
5e-06
4e-06
1.1e-05
2.7e-05
2.2e-05
2.6e-05
9.6e-05
5e-06
1.3e-05
1.9e-05
8e-06
1e-05
1.5e-05
1.9e-05
4.6e-05
5e-05
2.6e-05
5.1e-05
8.5e-05
3.9e-05
7e-06
6e-06
4e-06
1.7e-05
7.7e-05
0.000126
0.000153
0.000134
0.000145
6.6e-05
2.6e-05
1.3e-05
2.1e-05
0.000133
0.00043
0.000384
8.2e-05
8.2e-05
8.5e-05
5.7e-05
7.4e-05
0.000238
0.00076
0.000717
0.000305
0.000151
0.000108
0.000165
3.9e-05
6.9e-05
0.00052
0.000433
0.000444
0.000282
0.000393
0.000145
0.000727
0.000121
0.00014
0.000354
0.001077
0.000988
0.000406
0.001833
0.000653
0.002326
0.001083
0.001066
0.001459
0.000895
0.001148
0.000999
2.1e-05
2.6e-05
5.7e-05
0.000374
0.000521
0.000731
0.001763
2.4e-05
1.8e-05
4e-06
4e-06
3e-06
1.2e-05
1.4e-05
1.4e-05
4.4e-05
9e-06
9e-06
3.7e-05
3.1e-05
1.4e-05
2.7e-05
3.5e-05
8.9e-05
0.000127
4.3e-05
0.000144
0.000116
3.2e-05
1.1e-05
9e-06
7e-06
2.7e-05
5.1e-05
7.7e-05
0.000136
0.000157
0.000117
7e-05
2.7e-05
1.5e-05
2.8e-05
9.1e-05
0.000458
0.000401
0.000136
0.000125
0.000226
2.4e-05
3.6e-05
0.000165
0.000757
0.00089
0.000298
9.1e-05
5.8e-05
0.000193
2.7e-05
6.6e-05
0.000393
0.000429
0.000397
0.000248
0.000331
0.000156
0.000334
5.7e-05
0.000238
0.000367
0.001163
0.000682
0.000293
0.000868
0.000696
0.000142
0.000189
0.001184
0.001306
0.000626
0.000794
0.000746
8e-06
2.3e-05
5e-05
0.000346
0.000403
0.000241
0.000237
3e-06
2e-06
2e-06
3e-06
4e-06
1.5e-05
1.4e-05
1.7e-05
4.4e-05
1e-06
1e-06
1.1e-05
2.8e-05
1.9e-05
2e-05
2.1e-05
4.2e-05
4.9e-05
7e-06
1.2e-05
5.6e-05
1e-05
7e-06
7e-06
4e-06
9e-06
1.7e-05
1.4e-05
4.1e-05
0.000142
6.8e-05
4.8e-05
2e-05
1.1e-05
1e-05
3.7e-05
7.6e-05
9.3e-05
0.000101
9.1e-05
0.000182
0.000175
5.1e-05
6e-05
0.000213
0.00026
0.000173
5.1e-05
9.3e-05
0.000305
5.1e-05
5.9e-05
0.000102
6.8e-05
9e-05
0.000343
0.00026
0.000287
0.001627
0.000173
0.00016
0.000173
0.00016
0.000128
0.000562
0.001874
0.002687
0.002145
0.000562
0.00091
0.000933
0.000275
0.000477
0.001287
2.9e-05
4.3e-05
7.2e-05
0.000537
0.000564
0.0004
0.000594
2.5e-05
1.8e-05
1e-06
1.6e-05
7e-06
2.5e-05
2e-05
2e-05
3.6e-05
2e-06
6e-06
9e-06
1.8e-05
4e-06
2.5e-05
4.2e-05
6.7e-05
6e-05
8e-06
1.8e-05
5.5e-05
1.6e-05
8e-06
7e-06
5e-06
1.2e-05
3.4e-05
2.3e-05
6.3e-05
0.000114
0.000175
9.2e-05
3.5e-05
1.8e-05
9e-06
4.7e-05
0.000165
0.000202
0.000117
0.000169
7.2e-05
0.000102
7.3e-05
6e-05
0.000259
0.0003
0.000221
6.7e-05
0.000302
0.000226
3.2e-05
0.000153
0.000116
8.2e-05
0.000102
0.000314
0.000508
0.000527
0.000568
0.000139
0.000453
0.000198
0.000276
0.000158
0.000711
0.002461
0.006696
0.0018
0.000583
0.001405
0.00069
0.000512
0.000419
0.001546
2e-05
3e-05
4e-05
0.000349
0.000434
0.000386
0.000384
6e-06
7e-06
5e-06
5e-06
1.3e-05
2.8e-05
3.3e-05
3.7e-05
0.000123
2e-06
3e-06
1.1e-05
5e-06
4e-06
1.1e-05
1.6e-05
3.4e-05
2.4e-05
4e-06
1.8e-05
9.4e-05
1.5e-05
7e-06
5e-06
2e-06
9e-06
1.3e-05
1.2e-05
3.2e-05
0.000184
8.5e-05
6.2e-05
1.6e-05
9e-06
1.4e-05
3.5e-05
9.9e-05
9.7e-05
0.000267
0.000115
0.000109
0.000127
4.9e-05
0.000118
0.00017
0.000254
0.000113
0.000284
0.000261
0.000193
0.000102
7.7e-05
0.00016
7.5e-05
0.00011
0.000212
0.000604
0.001367
0.002508
0.000212
0.000175
0.000206
0.000212
0.000151
0.000364
0.003714
0.002894
0.002569
0.000706
0.000965
0.001153
0.000258
0.000353
0.001734
3.2e-05
6.2e-05
8e-05
0.000624
0.000604
0.000502
0.000552
4e-06
1.8e-05
3e-06
1e-05
1.3e-05
5.2e-05
5.6e-05
4.2e-05
6e-05
2e-06
3e-06
1e-05
9e-06
2e-06
1e-05
1.4e-05
2.4e-05
1e-05
2e-06
8e-06
0.000112
2.3e-05
9e-06
6e-06
3e-06
1e-05
1.7e-05
1.5e-05
3e-05
0.000193
0.000113
6.9e-05
2.2e-05
1.7e-05
1.3e-05
4.2e-05
8.5e-05
7.3e-05
0.000138
0.000232
0.000102
7.4e-05
3.4e-05
0.000105
0.000168
0.000191
8.3e-05
0.000344
0.000437
0.00028
5.8e-05
6.2e-05
0.000157
9.5e-05
9.8e-05
0.00017
0.000835
0.001469
0.001234
0.000166
0.000162
0.000351
0.000252
0.000152
0.000301
0.003531
0.003005
0.001137
0.001018
0.001404
0.000996
0.000376
0.000403
0.001778
