13.541566
5.646271
2.400612
-3.733956
-5.879598
-3.96584
-0.736884
-8.096874
-2.57897
12.600008
9.019167
12.75827
10.972261
9.579449
11.624873
14.103428
0.923857
6.825515
7.71097
3.368475
2.544274
1.083501
1.613103
4.901659
8.296487
11.04502
5.764087
1.847359
1.731313
2.252564
1.990551
2.714092
4.290271
13.009064
11.578923
6.763325
2.122663
5.520279
7.719783
7.090007
4.013104
0.772018
-1.166133
-2.154697
-1.814356
2.0664
12.846956
16.126713
7.812816
4.675439
-4.366956
-24.675659
-19.213058
-11.202568
8.620595
21.449911
25.618231
18.04438
5.065027
-16.272392
-41.872772
-34.211006
-20.917673
-6.554652
-4.794776
-4.607615
-4.031033
-0.680243
-21.162479
-45.792217
-45.148327
-26.990335
-9.65574
-30.402016
-27.790855
-10.978465
3.519459
-9.977128
-27.778645
-29.372231
-8.782449
5.214054
-6.638987
-3.077651
-2.785987
-1.598038
-0.392011
3.255364
1.183249
7.510186
12.827497
14.243298
16.762854
16.613846
18.148602
18.430067
24.769207
17.632153
19.538267
10.551775
11.185186
5.043151
7.37025
11.033856
12.218019
22.019026
21.373835
15.555635
2.550619
7.371227
7.43363
7.65753
7.928858
8.186962
16.793705
17.539377
11.964794
2.944882
13.955395
15.761902
15.74908
9.301065
5.307178
3.587118
5.053607
6.104877
3.426636
16.995043
23.282818
12.685118
2.75917
-0.573397
-7.386954
-5.468523
-0.164936
6.656187
9.893555
12.120142
11.766196
-0.170081
-7.033897
-14.402481
-12.717537
-4.881181
-6.531062
-16.239859
-20.194098
-17.161009
-0.287931
-7.393178
-13.884548
-14.228031
-4.455002
-0.44172
-14.382853
-25.943504
-9.718431
0.668644
-2.103725
-6.978789
-7.756875
-1.477419
9.123642
3.794388
4.904816
6.219182
7.36064
8.45306
11.060742
9.794892
8.340172
18.188379
22.492096
24.483732
25.176226
24.97353
24.131794
29.59148
23.152346
22.274849
11.325032
11.327927
6.98189
8.249539
10.920346
12.615117
20.944763
21.983309
15.398704
2.412313
6.583222
7.190211
7.309354
7.641114
8.091604
15.007574
16.073809
10.186043
2.537634
13.967429
16.315159
15.944964
7.500803
4.574432
4.1306
5.962668
5.463218
6.260098
22.24658
23.210239
11.083961
1.935571
0.36182
-4.449923
-3.245118
1.34791
8.862618
13.074258
11.634712
9.612551
-0.695688
-5.707459
-10.528741
-8.707665
-2.04617
-8.301137
-18.27993
-19.090313
-12.913035
-0.380201
-6.643856
-11.465947
-9.737448
-1.234144
-3.567834
-19.455235
-21.680904
-6.77412
1.496535
-0.864871
-4.660833
-3.583257
1.534276
-1.496184
-7.999247
-8.414983
-8.204719
-6.678226
-0.396915
2.038464
6.082526
6.87987
4.517085
5.528857
4.038665
8.94954
12.124288
16.326405
17.524303
14.010091
12.706235
7.228889
5.907326
5.741317
6.168483
8.582031
12.128355
17.077782
15.302869
10.598475
4.291821
4.96215
5.653904
5.592216
6.748846
6.598291
15.199636
11.492515
5.883359
2.940015
12.482115
13.391632
13.346297
8.407021
5.106644
3.240974
1.491852
0.700392
5.752514
12.212201
17.574829
12.738276
5.127119
-0.418102
-16.25012
-15.535451
-7.320967
10.065522
10.03781
15.376779
17.485516
4.294128
-8.64957
-28.615646
-25.912331
-14.349019
-9.562831
-13.698686
-13.714547
-12.383542
5.463747
-8.332163
-28.469671
-29.471663
-15.074988
-3.040438
-20.000568
-23.250425
-12.586823
3.644758
-5.466452
-20.034664
-21.091129
-7.528454
2.490122
2.344686
0.788597
2.15667
4.60621
9.968516
10.263958
15.677802
8.666277
9.189917
10.916027
9.10512
13.370828
14.959658
18.418669
18.206152
18.179295
16.300991
8.560166
6.550901
8.250533
7.138209
9.450921
13.082994
16.329401
16.181265
13.060491
5.012482
4.519407
5.690873
5.56662
6.719893
6.924176
12.705816
9.390633
6.224768
3.526747
12.878761
14.095308
13.745906
6.649352
5.4144
4.615643
3.659832
2.524149
9.969492
20.669697
16.702494
9.485321
2.765358
3.091058
-8.934417
-9.520739
-3.672883
13.165193
19.071054
11.830538
13.917568
2.439871
-4.927239
-20.42779
-19.095104
-9.627504
-15.410797
-13.424053
-11.748236
-4.578207
5.040748
-4.794969
-21.514463
-22.668701
-9.466114
-12.307258
-27.435932
-17.871685
-5.642239
3.821039
-0.743759
-13.126456
-13.643655
-1.712329
-5.757401
-7.195742
-5.890166
-9.285214
-8.287558
-4.161294
-10.348386
-4.406711
-2.065881
-19.928524
-12.844453
-10.882567
-4.225978
-6.358919
-3.092491
-12.212827
-8.223136
-17.126518
-4.926867
-13.646115
-19.328918
-14.06291
-15.737723
-9.801218
-18.512568
-8.040439
-9.845346
3.034573
2.028688
2.9963
3.788677
-0.358245
-3.209405
-10.888418
-11.306703
-13.299037
2.732857
6.915966
9.324391
9.433984
4.71216
-5.844524
-23.983236
-30.623154
-21.685663
4.293054
7.058597
9.1788
8.026032
3.924809
-29.430035
-46.452187
-52.8237
-39.810749
12.590889
18.486164
19.543983
23.6402
5.716857
-12.402398
-27.553555
-42.033531
-30.084229
14.4726
12.032879
15.992681
24.651539
5.394395
-7.225839
-22.030375
-29.449169
-17.196228
6.579702
4.887714
4.56649
4.30235
10.001906
3.356713
-13.909684
-14.852004
-8.098622
-8.745526
-11.027949
-4.10712
0.25325
0.284146
2.516857
-7.779966
-11.75019
-12.552577
-17.615065
-12.385522
-12.340251
-1.130248
-2.473289
2.058395
-7.879739
-10.306709
-23.749361
-8.462324
-19.552839
-24.152256
-18.459707
-18.779804
-11.826697
-22.069403
-7.388721
-4.523263
1.697881
0.042745
1.051206
2.495312
-2.356964
-4.454991
-9.849335
-11.260164
-7.112982
3.151818
5.406192
8.350304
7.647659
4.317246
-7.574484
-24.820715
-25.872437
-12.944119
3.874877
7.477732
8.10985
7.507522
3.738505
-30.867785
-49.965942
-47.846348
-29.076227
12.516834
21.657284
19.871029
16.945753
4.411783
-15.93135
-30.924259
-40.963039
-23.588697
18.380507
17.155279
11.143608
14.616011
-0.253115
-10.095263
-18.016611
-24.041861
-12.417399
5.859396
7.85517
4.998722
4.957386
10.26652
5.091342
-6.98217
-10.9339
-4.202395
2.257729
3.589992
7.465522
4.903747
4.553884
6.078599
9.082006
7.962133
-1.052789
13.37105
15.14107
18.919563
12.95238
12.67063
11.831371
13.12776
6.207164
6.72015
9.77219
10.414396
5.527074
1.350722
0.821757
1.805372
5.872911
4.641644
7.850987
2.037799
0.751856
0.882654
0.825936
0.358648
1.241021
4.09098
6.859338
5.669892
1.125142
4.273791
4.621203
3.821081
2.391386
3.66281
10.617214
12.054775
8.218596
4.334291
8.234626
7.38123
5.617646
4.190647
10.742437
11.464318
12.824441
11.173171
4.266305
6.559987
6.71083
9.575585
7.083366
8.799981
5.785497
7.47297
9.378796
5.174433
3.856607
3.120467
5.294445
10.619305
11.735795
6.010898
6.948238
2.55601
-1.284928
6.747411
3.259229
8.489506
8.985771
8.335685
4.999263
5.710968
2.131221
0.025429
2.940899
7.124922
6.069052
5.492072
7.68753
11.797753
13.121909
7.862514
8.849263
15.13742
17.292421
13.377467
12.369481
11.064203
12.414851
4.522838
11.293272
9.102582
6.379217
6.495794
0.465464
-0.409867
-1.293529
1.749661
1.705223
6.787191
2.093776
1.416789
3.264818
2.671855
0.548467
0.076027
1.588468
1.357286
2.973095
1.8288
3.39635
4.66629
3.452251
2.757727
2.510839
5.575637
4.88235
5.073091
3.013924
5.746047
5.740425
5.989969
3.960975
7.413485
4.306395
5.716485
8.203923
5.853477
8.44912
6.664934
6.914163
5.94313
5.028172
-0.501816
2.352877
6.047112
5.902859
4.674646
7.516357
10.711041
9.557113
7.324103
3.177709
3.95892
0.604099
6.245035
3.971504
6.710989
9.152484
9.950887
7.524569
4.530869
4.187404
2.55048
8.024707
1.553071
1.660497
-3.348089
-3.888169
-6.194596
1.949082
8.016463
3.469981
12.290401
5.901653
8.610672
6.895959
7.31281
7.002718
9.582767
17.807396
11.733262
15.864895
11.961749
13.085386
10.982141
15.291085
13.793164
17.875397
17.308737
16.790037
3.27178
4.36452
4.912966
6.725586
8.048944
7.059592
9.390872
12.328405
9.49766
1.90657
9.489519
11.282068
11.006165
4.816407
3.21664
4.052955
8.688185
6.875972
3.636373
3.754022
1.627179
8.216303
5.396549
4.874383
-1.644566
3.720426
8.168251
7.657565
12.742822
12.028389
10.654201
7.921919
1.11482
-8.819112
-4.685441
2.997141
0.367071
11.197262
12.510615
9.243216
8.509024
-1.681329
-6.693864
-2.778089
-1.666816
1.209454
3.076492
8.109867
10.134916
11.300721
4.034171
-1.160701
-1.711204
5.590856
8.159617
3.136201
0.900349
-1.240392
-1.806181
-4.929024
3.39192
10.253848
9.969576
10.098278
4.822404
6.60075
7.803341
8.13235
7.951815
9.938716
20.355494
16.374018
14.637981
10.406398
14.369789
11.866038
14.904655
12.849337
16.767128
17.349777
17.666315
2.534854
3.524435
5.166536
7.206179
7.946154
7.090236
11.164518
13.423551
9.889593
1.291501
8.874552
10.993839
10.274323
3.62563
2.328271
2.824986
7.954673
6.824774
4.176443
5.823996
4.774227
7.047863
4.262763
2.721244
-5.133214
1.658404
8.433753
11.08744
12.221601
11.563119
7.517841
6.542257
-0.622376
-9.178103
-4.579615
5.13165
2.741717
11.336714
14.873732
9.965689
8.37238
-2.398533
-6.505675
-1.963057
1.74728
5.139105
2.246946
10.834564
9.340398
10.695984
4.373342
0.362402
0.792145
6.953589
4.10378
9.588413
12.761612
11.335278
8.637274
7.434747
2.063983
4.97831
-8.958061
16.367477
13.110821
15.331302
10.172489
7.66564
6.74327
4.133758
5.590196
0.859878
9.990616
8.529024
9.185784
4.212294
2.026557
1.146885
4.650806
9.580695
8.901988
1.072588
1.129327
2.199496
2.234433
1.106024
0.381316
-1.015015
4.579667
4.632926
1.056016
6.646723
6.773488
5.329812
1.273928
0.620649
0.958875
6.483568
4.440524
3.772221
3.907034
2.782665
4.130024
2.80138
2.517561
0.603534
3.694207
5.013443
6.770667
5.214989
5.144715
5.144795
3.155275
-0.283214
-0.243263
3.368791
3.102628
3.01846
1.337309
6.22533
6.162004
5.645293
-1.350929
-0.415838
3.781314
0.255194
3.411464
8.124993
10.098574
13.716789
10.252062
2.727178
2.752783
4.426453
-1.776211
3.60442
11.402577
13.457822
12.573023
10.920404
9.420958
5.154961
6.247308
-8.508952
16.048349
12.262494
12.766621
8.992426
6.439312
6.836408
3.097104
5.260857
2.665564
11.426388
8.714753
9.144583
2.498373
0.012141
-0.657303
2.765471
5.803551
8.694517
1.199712
1.969345
4.21558
3.591286
2.262846
0.640263
-0.725541
3.597858
4.805331
0.852903
6.825234
7.552619
6.542007
1.492521
0.893366
1.347833
4.912403
3.686183
2.951652
3.255677
4.952598
4.319657
3.055963
2.932099
1.456488
2.275531
4.175187
8.060301
2.572546
4.040361
5.565345
4.180337
-0.453662
-0.157392
2.766908
2.891897
1.652097
0.741273
8.271391
7.679952
6.750679
-1.442096
0.960541
4.921443
1.46316
4.440852
10.531405
10.156507
11.76127
7.465509
2.160167
2.250243
4.206968
-2.291963
-5.522221
-5.803654
-1.747865
-0.520736
0.428515
2.09842
4.705886
4.587386
4.59389
0.015757
-2.103416
1.336753
2.139031
3.525818
2.183721
3.000538
0.832549
6.453411
1.664774
0.383275
-1.050998
-1.47144
-0.352476
0.295655
6.848277
8.207356
6.143344
-0.311445
-0.373314
-0.304801
-0.641267
-1.845476
-1.894776
0.054037
0.409417
0.647644
0.730919
4.441427
4.728527
3.602002
0.234595
-0.105384
2.58097
3.388179
1.274043
1.158067
0.283437
3.437091
3.017585
2.914733
0.218229
0.279265
2.246248
2.808574
3.383315
5.531671
3.737472
5.621841
2.586633
0.132707
0.441527
1.725365
1.068945
1.019554
-2.200461
-1.286686
3.891718
2.41147
0.869658
0.684391
2.099398
-1.364199
2.730671
1.613204
3.712185
7.727737
4.039236
3.007518
3.009051
0.259251
-1.665385
-5.473529
-3.559724
-1.23336
1.599582
2.99136
4.818275
7.597495
4.431167
3.961189
-0.961829
-2.905458
-0.224538
0.882266
2.592803
2.662175
4.117285
1.635349
4.096532
0.533569
-0.317652
-0.363611
-0.635976
-0.127379
0.568155
6.27606
6.138646
4.052726
-0.15657
-1.201157
-0.445717
-0.476684
-1.530054
-1.499319
-1.405241
-2.474996
-1.563551
1.084627
4.135263
4.224074
2.766412
0.326715
0.015742
0.117412
1.034744
-0.520973
2.234931
0.999543
5.218482
2.659385
3.351783
-0.619856
-1.524869
-0.875365
0.667113
4.813135
4.188204
3.488502
5.463769
2.7707
-1.27822
-1.166653
-1.114552
-1.008704
1.028282
-2.969137
0.491722
3.879327
2.809571
0.227128
-1.127946
0.135891
-2.47606
2.341715
2.920779
3.014198
5.3585
3.213956
2.945625
2.090087
-0.781169
-1.865371
3.487694
-0.734303
0.505301
-1.14085
-0.699479
-2.115838
0.367387
1.784135
1.875326
8.647703
5.58356
5.11655
3.621906
2.326
2.481167
4.423897
5.163067
8.00803
12.609449
11.773509
13.626222
8.544033
9.573208
9.005472
11.21844
8.715448
11.230474
1.006612
2.687121
2.684228
4.049301
5.279696
4.823538
9.550751
10.542505
6.816653
1.62025
6.218743
7.796881
6.347194
2.28385
3.364687
5.251761
7.069738
4.183863
0.405134
7.282804
4.940176
4.181124
2.475224
5.878842
5.747207
4.255562
4.950043
2.530279
-0.204275
4.053169
3.902264
4.874469
3.368438
1.248516
0.897965
2.945961
4.384916
5.087162
3.221203
5.75992
6.190448
4.022634
1.519265
0.913975
2.699825
0.933221
0.937119
1.206476
4.827511
6.06264
5.577252
3.226651
3.669246
4.366555
0.877685
-2.720284
-2.160963
-2.65905
-2.017829
-3.600349
-0.241427
1.071469
3.250387
4.569616
2.195904
2.237267
1.740933
1.035696
0.84781
3.15036
4.208578
7.256331
11.226611
9.16299
11.89337
8.024187
9.756189
8.770226
10.891999
7.914631
9.727901
1.129861
2.175133
2.078075
3.62295
4.63449
3.902136
7.931336
9.257993
5.742367
1.158799
5.87777
7.249297
5.615998
1.735942
2.790868
4.915334
7.187747
4.001736
0.241256
8.556835
5.647868
3.3847
3.017495
5.582212
5.424481
4.70469
4.424984
1.957678
-0.461
4.167404
2.641435
5.102793
2.480903
0.672969
1.276411
2.846178
4.542187
5.480076
4.494181
5.591847
6.616962
3.359071
2.095
1.070115
3.037868
0.691916
1.733255
1.060411
4.360919
5.455041
4.775723
4.066022
3.737692
4.557894
-19.458952
-22.728622
-22.995998
-14.770288
-10.93857
-18.312941
-14.465119
-30.191156
-3.301211
-5.539819
-11.541456
-19.544992
-13.691019
-12.723632
-20.192421
-15.018524
-27.323679
-11.477787
-10.833343
1.190352
0.265251
0.167714
-0.364278
-6.731316
-6.12496
-30.986362
-8.523344
-6.368015
2.040215
3.211112
2.373984
2.425826
0.451285
-9.820703
-15.165771
-1.481399
-4.884871
4.38251
3.591291
2.341454
0.616184
-1.432243
-15.746558
-25.917566
-10.87798
-3.443911
-0.200879
3.777595
-2.126374
1.153544
-6.274548
-28.59796
-35.676113
-22.871937
10.226364
23.819675
-3.417793
-22.706606
-3.25024
-16.558189
-30.914446
-37.772484
-25.722704
11.293828
27.780254
-3.175428
-29.709496
-7.816202
-8.973693
-24.531281
-32.920006
-19.264387
7.995945
23.340416
-1.972652
-11.350924
-1.35683
-8.615744
-15.051494
-20.84079
-5.235027
-6.226126
-1.122191
-3.114422
-4.97056
-4.915426
-9.76555
-9.525002
-11.535854
-4.749789
-6.299346
1.034485
-1.959714
-2.369111
-3.836951
-9.355441
-9.814106
-6.87396
-1.819175
-11.862308
-3.884627
-2.387036
-2.095698
-3.061646
-7.287344
-10.227875
-17.312487
-6.382171
-6.284569
0.592797
1.109783
0.334876
-0.542353
-3.221921
-10.215424
-12.734342
-2.489395
-4.668961
4.37029
3.427799
1.951454
-0.422612
-4.576965
-10.566071
-14.281108
-5.213652
-0.530085
7.219811
6.996952
-4.893003
0.697138
-4.691717
-12.441233
-16.155592
-6.970168
12.188846
27.725485
7.568151
-23.770107
-6.310355
-7.695628
-13.576969
-16.268047
-6.389758
5.924648
26.84565
7.223413
-22.041311
-9.613278
-8.462231
-13.097926
-14.078579
-4.395506
-4.569642
13.790001
5.810732
-9.012082
-0.208562
-6.06709
-9.785328
-10.858157
-2.792683
-5.074232
-2.901107
1.347624
1.315881
3.062647
0.199262
0.284092
-0.395405
-1.613613
0.721699
-3.691031
-1.212553
-4.15549
-4.327738
-5.668102
-5.680291
-0.812284
4.35021
-0.850353
4.803637
8.909986
6.324676
6.183226
3.870403
0.829276
-0.838085
3.250156
-4.969009
1.283508
3.290238
4.389882
5.613817
3.561311
2.376764
-1.429425
4.00717
-2.956277
1.021513
-0.110998
0.718971
1.489219
0.825076
-1.181434
-4.136661
2.454488
1.929435
6.929403
-11.365131
-8.297368
0.443895
0.063274
-3.583611
-6.349966
-1.207098
16.592028
13.682144
-19.718109
-21.863396
-3.239556
-4.492369
-4.453211
-7.407392
-1.826281
11.358962
13.315132
-17.107328
-19.91297
-7.198329
-4.772753
-5.701474
-7.182725
1.189656
3.740945
8.029423
-12.249212
-1.928658
-1.205946
-3.38047
-3.887056
-2.965616
2.17938
1.665486
7.693129
2.093188
0.613072
0.922997
-1.310974
-1.926841
3.24296
4.388047
4.04468
7.124974
0.819506
4.954566
5.29044
2.528028
4.064133
7.580278
4.512877
-6.279025
0.082387
0.660362
1.381358
0.143852
-1.853221
-2.493985
-3.913354
4.569496
-7.386275
-0.358417
2.210845
1.396005
0.700799
-0.676352
-3.450102
-5.57164
-1.203613
-6.413783
1.167063
1.620383
1.723296
0.620284
-0.381715
-4.563969
-7.858826
-6.29892
0.01416
1.456786
9.840321
-2.761249
-0.362186
-7.086849
-10.461049
-14.742765
-10.63342
11.637995
3.247072
19.364952
-11.339335
-6.234787
-5.515661
-9.439713
-12.762614
-10.265739
6.479452
4.858811
19.465652
-15.58995
-8.649668
-3.875751
-6.161257
-9.728934
-8.012033
-6.383384
4.069176
13.133864
-10.90552
-1.63239
-3.322738
-6.179594
-6.620189
-5.473876
-13.441835
-10.604673
-6.123192
-2.816933
-0.862105
1.269521
-0.739675
-4.378568
-5.098295
-5.422938
2.636119
1.135569
2.966122
5.695804
6.774833
2.891987
-8.86643
-3.212428
-2.24657
-0.572257
-1.729726
-1.602868
-0.375002
0.47354
0.167014
-2.69506
-1.15331
-3.449025
1.232906
0.510361
0.689971
1.41974
1.548867
2.160295
-1.196322
1.71411
-3.974681
0.84976
-1.520539
0.086143
0.088775
0.426562
1.860572
0.911915
0.389612
4.854214
-7.712335
-13.27202
-7.071918
1.245047
1.852114
2.614575
0.625509
-1.248337
22.565702
-8.455153
-21.167656
-7.86084
-1.047692
0.773613
4.257773
2.82744
-1.514529
24.744587
-8.056435
-24.693413
-2.706123
-0.884175
1.024912
-0.827164
-1.320318
-0.643674
18.342859
-2.437465
-9.282057
4.702966
1.915112
0.046184
-0.979092
-2.423562
-1.148916
4.501818
4.85024
3.490739
0.732138
0.787073
-5.935008
-5.408076
1.405607
12.179133
2.744695
9.513503
8.024486
7.173609
5.07511
-3.481519
-0.545656
3.221596
11.361269
1.621983
10.370757
4.728322
3.54884
3.677234
-1.131886
4.164058
0.768379
2.593254
-5.968966
5.480698
5.237678
3.624061
5.340796
6.238662
5.846973
4.363146
6.954143
-6.376844
2.312214
3.115817
3.954273
2.153086
3.86296
3.422246
-7.999221
-0.412006
-2.878114
-1.281679
1.194539
-1.679327
-0.418876
0.260944
2.046271
-16.913929
-10.93062
2.718415
-0.158394
-2.312399
-2.118586
-1.178866
-3.21224
2.85566
-10.941109
-10.923534
1.527848
11.474205
9.086346
-4.782825
-6.980339
-3.23717
1.848347
-2.281384
-2.1597
1.634543
17.089342
18.549112
0.379701
-4.376952
2.366882
4.065529
4.581443
-0.484454
-4.917121
-0.958699
-4.350665
-7.162961
-4.778388
2.159033
-0.467171
2.697523
-5.808753
-9.794793
7.533023
-5.033486
-6.175326
-8.24073
-2.598907
-5.106025
-8.649083
-13.500523
-4.291886
-2.313317
-7.3158
-7.424907
-5.671806
-5.461791
-14.175483
-13.413058
-9.11805
-4.732705
3.432303
3.103283
1.226007
1.759823
-0.51345
-5.835435
-11.273921
-0.875474
-3.554153
3.711284
2.64786
2.47814
1.053149
-3.917825
-5.725523
-5.482052
-2.509564
-1.601156
2.728776
3.565799
-3.037651
4.473376
-1.892397
2.711472
0.187559
-2.396525
2.677515
3.347527
2.997588
-3.500034
1.330375
-0.177923
4.216589
-0.477669
-0.43765
4.653868
-5.300598
-3.81425
2.321747
3.608255
6.352055
-1.039721
-4.951801
-2.162907
1.139676
-14.276504
-16.902258
-1.139908
-1.102152
1.455702
-4.335237
-9.961137
-0.757999
3.631554
4.111434
4.225394
1.827198
0.595919
0.672741
3.738509
8.318259
4.768528
10.790532
3.490971
4.851143
0.073772
-1.503064
-1.957711
1.090869
17.847696
12.048796
-2.138636
4.145587
5.541374
4.445796
2.45525
2.903566
9.019412
14.834306
13.671222
-5.83279
-2.383391
0.559655
1.302602
0.639979
-1.166313
1.297394
9.455556
12.23126
-6.030309
0.918625
3.8327
3.025721
-0.48449
-6.560142
-7.077935
-1.757156
7.661117
-10.977788
-1.226777
-0.57418
-1.270443
1.271918
-2.241736
-3.480865
-1.773856
8.040092
-6.451816
-2.01567
-0.841796
-6.044964
-1.477948
-2.371016
0.412558
1.987555
8.263583
-4.097479
1.310233
0.100485
-3.391319
-3.816144
0.358965
4.267951
6.095576
9.84844
-3.045865
2.26176
4.406146
-1.883948
-1.672932
0.864574
3.983902
2.798279
5.425919
0.312577
6.668281
10.739682
9.04822
8.17725
8.876037
8.247979
3.951944
2.401464
-13.675105
-6.594618
-9.071171
-9.25529
-7.898144
-5.713536
-7.255264
-2.08447
-3.855246
-11.614988
-5.634783
-0.957994
-3.515007
-4.605551
-4.405122
-7.97055
-2.898965
-0.909482
-7.888991
-3.061318
-0.998837
0.075801
-0.738792
-3.868923
-6.049939
-7.173249
1.290567
-3.357724
2.453965
3.463683
2.210939
0.480928
-5.913836
-6.04764
-1.149386
2.858001
-6.728934
-3.299976
-5.856757
-2.312028
1.966694
-5.390444
-4.017068
2.468822
4.432701
0.573664
3.487795
-5.271204
-5.09633
0.142333
-3.83277
-3.588187
2.733952
5.468716
4.214727
4.977313
-7.652542
-1.974708
3.813969
1.971059
-0.16266
-0.005031
5.742469
0.753612
1.110327
-9.644956
1.606479
-0.073119
0.09674
1.454436
-0.027215
4.449796
0.234673
6.314736
6.015076
2.66809
1.732766
1.621889
1.608535
0.584551
-2.723415
7.200751
10.859853
12.419735
15.212038
18.094894
15.424398
10.33496
1.108908
1.476528
-4.028901
2.184979
5.268772
8.184664
3.474165
4.067744
3.745212
1.139585
0.037926
-5.275152
0.59945
0.58192
0.635801
-0.750736
-0.538965
1.143492
-2.858273
4.056784
-5.789379
3.279841
1.942573
3.468367
1.311338
0.605725
-5.110168
-6.118923
3.469902
-5.407322
1.638753
4.215561
1.281406
1.28395
-0.515484
-11.588435
-11.910588
-1.181318
2.359046
3.349488
-2.096268
-0.954538
3.785417
-4.572824
-8.522151
-10.982207
-4.275911
3.252508
4.645077
5.948071
-2.030068
5.639534
-1.259696
-3.774117
-5.041258
-2.805268
4.164258
4.85818
11.46067
-3.11131
4.437718
-3.094974
-6.317073
-7.211269
-5.135373
7.099968
10.761112
8.189152
4.694355
5.720767
10.18318
11.449896
5.063169
0.29029
4.869371
13.819973
9.404015
9.999301
15.158579
18.541769
11.477521
6.76427
2.248545
8.021151
14.24384
9.261685
6.707446
3.693913
4.753098
2.494595
1.110528
-1.81732
-2.806236
0.689365
0.465689
1.996544
2.297332
2.115862
1.252883
0.78914
5.338364
-4.133829
0.411988
-0.69564
-0.266384
-0.854569
-0.575031
-2.734909
-1.672184
1.16762
-2.481533
2.911609
1.143762
0.505373
2.180364
-2.869485
-7.397568
-6.888438
-2.095603
5.444952
2.14488
-7.47225
-5.053701
2.960211
-5.153687
-4.037659
-5.756032
-0.789313
7.644766
-0.242386
-11.693691
-4.589215
3.428317
-4.686112
-0.529005
-0.09331
4.827022
6.466714
-0.53182
-14.830897
-3.982007
2.607258
-6.936621
-3.532249
-0.38878
0.120473
-0.25859
6.468511
9.132945
7.021358
4.80439
4.472274
3.003644
-1.859868
-4.30716
3.637074
8.208908
7.531521
5.669065
5.971672
5.001743
3.864604
1.233666
0.386636
2.224961
8.961824
9.334164
8.914804
8.582172
9.418391
11.298237
0.028162
3.841192
-4.490339
-1.175786
-1.06142
-0.316912
0.871684
2.274783
4.303401
4.223757
6.084188
-5.186427
1.210701
1.287383
0.637801
-0.283816
0.057976
2.661422
-1.115143
1.871751
-6.407997
0.244675
-0.016721
0.447969
1.726135
2.105215
9.126519
-2.336359
-3.645345
-1.973177
-2.880426
-4.779108
2.475475
2.5501
3.205794
4.72559
-0.189154
-4.301378
0.485338
0.325014
-0.813669
-0.119766
3.740506
5.799013
2.715349
-1.404167
-3.028985
-6.198757
2.627968
3.170716
-2.931311
5.795594
1.563283
-2.525443
-3.737841
-3.071523
3.60933
9.903023
6.477609
0.837967
-0.48345
-0.628444
0.259997
5.918339
2.440275
-0.280523
8.955004
1.664809
-2.200967
-1.693466
-1.318471
-2.275181
5.058577
0.242294
6.515309
11.804716
5.55186
3.90038
4.555943
3.362799
0.59389
2.19384
1.945521
-1.891497
1.560458
0.544388
0.709711
1.272163
0.998483
2.053775
2.509608
2.331018
-3.276617
1.884008
2.674128
2.154608
0.542745
1.02792
2.981832
3.933058
2.2438
-7.02019
-1.195678
-0.519293
-1.265326
2.899402
-0.048767
4.861749
3.402298
-0.044419
-3.93225
-0.00753
-2.814038
-3.172184
2.441279
-2.258098
2.351422
3.64262
0.99296
4.573709
2.034462
-2.339923
-4.774292
7.621317
-0.177574
0.354154
0.824757
0.237523
0.058612
1.659623
-7.586607
-1.410045
1.99961
-2.958946
0.465806
1.387369
3.160639
-7.930875
-13.468261
-9.542961
-2.718646
-1.887409
-3.144728
-1.447541
-2.215887
-2.373184
-2.345053
-5.693357
-1.459213
6.455165
7.784934
7.194036
6.681007
-3.029794
-1.507076
-5.237329
-2.345213
-0.567573
1.715363
2.832673
1.976392
1.60724
-0.906873
3.328547
-3.714666
-0.804223
-0.838912
-0.546566
1.056232
1.973826
0.15981
-2.769471
4.045276
-3.665342
1.045901
-0.034927
0.5751
1.341125
-0.859835
-2.522557
-5.382947
3.690582
-8.601179
-0.309934
0.550446
-0.282594
2.611388
0.835111
0.380509
-8.344058
0.018772
-8.110006
-0.651653
-3.491449
-1.341156
-0.150086
1.00296
-0.054739
-7.26233
-2.040504
-3.413007
1.944483
4.086792
-1.661871
0.934644
2.044876
-0.11465
-1.778581
1.672296
-1.098447
5.022193
3.247385
1.196379
1.368691
1.718324
-0.874737
-1.539315
-1.705848
-1.487588
-3.072079
0.633155
5.083858
5.117957
5.450796
5.83904
5.332843
3.183563
-0.714555
-4.576741
-0.808097
4.872469
7.462
8.950541
3.755901
3.334517
0.048319
-0.648764
1.057113
2.522884
6.02891
7.707136
7.166317
5.108136
1.784232
4.491742
-3.706825
-0.685852
-0.127582
0.478709
2.624446
3.192748
0.846539
-3.964253
5.879141
-2.850922
2.179292
2.556637
1.640689
2.366652
1.131169
0.716738
-3.152019
4.655359
-9.358742
-0.412373
-1.132544
-0.593183
4.042895
3.046158
2.373133
-4.140038
0.574107
-4.65942
-1.643986
-3.587923
-5.253428
-0.1801
-0.29581
2.921307
-2.940707
-0.049593
0.847282
0.17176
-1.930025
-1.24288
3.420812
0.401361
-0.046706
-1.608871
3.433947
0.836595
3.296681
-3.115402
3.035098
1.936383
0.244748
-1.110207
0.018221
1.25718
0.099337
1.261819
2.27835
0.536024
0.954304
0.087637
0.493689
-2.926521
-3.132985
-0.966646
4.614486
4.722988
4.719052
7.061446
5.483885
3.547924
-0.543957
-1.931452
-1.220662
6.697905
7.5999
4.50531
2.939345
2.543848
-0.574057
0.04709
-0.009955
-3.721279
-0.41307
0.439928
2.0521
0.990665
0.248878
-2.008393
-0.628061
-0.583187
-6.004848
0.202057
-1.079608
0.105381
-0.424848
-1.164721
-2.593871
-2.176076
-0.571522
-7.229057
0.780583
1.285316
0.754007
0.374885
-0.019931
-3.592979
-5.822159
-2.724206
-1.829431
1.59694
-4.842358
-2.248986
3.830556
2.13067
-3.725401
-5.933907
-5.142365
1.414281
1.796109
1.010343
-1.596292
5.970571
4.386329
-1.833388
-3.715226
-2.181226
0.37376
1.847941
0.43267
1.496049
7.792316
1.570906
-1.440652
-2.58071
-0.202928
-0.758721
2.216834
1.659253
1.013003
1.002252
0.695149
1.045207
-2.278052
-0.872827
-2.921516
2.796757
-0.046123
0.207876
1.566028
0.71576
-2.756925
-2.181304
-1.352061
-2.939167
7.446234
7.713615
8.296923
6.218734
4.869303
0.908384
-2.170693
-2.073492
-4.027566
-0.689949
1.420998
2.761299
2.054692
1.321866
-1.406019
-2.164689
0.115768
-5.040671
0.122037
0.609317
0.344937
-0.751827
-1.317096
-1.57475
-2.59128
-0.587584
-8.466471
-0.628475
-1.881606
0.160683
1.799485
0.05055
-2.613111
-4.470625
-2.840291
-0.462027
1.761305
-2.807385
-3.689996
3.452947
0.966319
-2.123331
-3.574826
-3.087541
4.227216
0.210087
-2.608063
-1.628631
7.326283
3.638814
-1.524067
-4.003363
-1.290669
1.793712
1.109587
-5.962599
2.965297
7.162014
0.279108
-2.342407
-3.161743
-1.032529
